70	40627
33	57388
945	7195
81	30183
204	52816
1374	4477
398	7156
11133	1647
417	6095
144	530
7	2678
909	668
220	7926
2446	643
97	20095
296	29064
147	21975
78	31457
2023	7683
193	21497
87	27058
613	17044
19	23054
416	11538
141	27042
72	10453
136	17252
195	10174
119	42357
144	31701
202	4243
78	9897
4	35745
195	12085
141	11682
145	23359
245	35647
1274	2507
1466	375
18	43349
20	6622
459	31350
621	2988
248	6670
107	2726
1857	1453
116	12511
146	35240
23	23288
182	7088
58	11181
127	56161
494	3576
1373	4465
81	6436
3426	3382
13	2225
17	22419
1311	2583
200	42895
204	7297
335	371
666	22755
4454	3296
201	29116
426	15949
314	22445
572	18886
1176	6170
333	35450
346	10671
358	3855
88	9975
334	23793
199	22754
25	4065
474	13952
821	13740
81	8797
340	19162
1245	2307
11640	1489
141	10066
575	16818
110	23740
216	4567
50	22642
411	55362
451	4558
75	14764
1522	3906
416	22565
132	31785
67	9060
437	27859
438	10115
65	45258
53	2832
171	25559
166	26566
243	3820
355	4330
362	1725
1148	6676
268	9819
396	13549
143	1460
856	22843
1759	2193
497	4813
11	10674
9	18218
132	19536
1293	539
1894	1378
615	8926
355	20434
257	27767
85	21979
669	4851
7649	1825
54	1199
167	421
142	27958
545	3682
556	6682
191	20645
283	2537
436	38074
92	2997
397	54150
25	13849
60	10478
112	9215
275	22478
15	18918
1249	1780
258	4257
359	21938
103	7286
24	48735
83	5318
276	13568
281	19862
181	7281
146	2708
13	8870
1266	3343
768	11492
17375	424
1	30935
421	1154
575	18730
1815	835
56	28389
119	5618
509	9885
36	21520
2174	2103
253	17276
334	32561
80	18218
159	5833
339	20122
152	5966
846	15740
701	9058
213	34714
183	3858
239	27768
325	17624
362	20934
27	8460
1437	3442
657	8579
589	35559
261	416
1497	3830
111	27289
288	5506
129	17696
71	17085
631	11107
406	12434
229	4739
3638	319
307	1099
404	24936
210	12101
54	31775
197	13686
274	17959
96	20851
231	23911
27	7272
762	20089
108	43715
87	5032
69	39371
8	14248
308	8289
342	42384
0	16980
352	17544
367	17328
992	4844
544	36896
143	11037
2493	2409
601	32833
353	34375
2	11048
238	53657
836	1568
3498	101
959	1271
124	7703
80	7657
668	6098
240	26632
1699	6676
32	38892
237	24857
189	8659
114	6442
24	9704
289	60957
6363	3105
343	60499
70	21925
126	1706
165	14572
17	18597
284	53165
35	1799
621	11086
67	6118
657	2533
337	9316
53	45907
57	10853
57	7575
1467	4369
101	21012
278	40902
490	1214
727	1822
93	1168
18	8087
76	7434
115	20015
28	4567
44	1137
37	21156
4364	451
88	6413
328	19722
1740	405
320	17020
159	28309
160	14286
2147	2770
64	5677
1050	6375
330	40025
67	792
405	3790
303	2083
901	100
335	16192
119	8483
38	41229
349	13348
243	18831
172	4620
525	10469
683	6274
260	3354
218	8123
234	5030
1022	6506
346	32568
237	11732
81	8375
574	5938
313	15266
51	14212
323	19099
2080	2904
12	6708
27	2922
294	5589
369	4189
54	8630
188	7240
88	1224
219	40928
45	3439
216	41567
168	16526
22	62279
67	6123
492	18996
49	6138
2059	5471
289	6735
470	22704
205	3327
240	11520
123	35985
34	6994
991	9739
59	22302
369	19887
50	19668
22	29372
17	47191
348	11049
107	8693
23	4179
55	44705
171	24756
95	3940
47	150
117	2584
250	6690
223	24465
117	6584
343	17858
383	18337
1016	13261
190	10546
14	8657
129	48959
74	39390
46	2461
1558	650
216	39493
69	6192
130	23414
73	13129
6	22930
160	36589
17	20627
329	16314
147	14566
127	23133
208	13121
18	23944
68	30773
34	12227
14810	221
747	9385
24	28924
13	5969
270	32910
1137	13448
562	4253
241	10342
610	16710
552	12972
278	350
61	28789
174	34131
583	22704
33	19923
924	19200
8	23100
17	54361
682	20164
411	1400
155	15187
1801	415
10	56358
481	3460
2	33107
217	6430
201	10809
560	30434
106	3320
433	26415
270	275
1328	616
241	56575
170	18352
370	29534
790	14177
844	1438
188	11563
436	2635
689	16114
949	5722
6	45740
49	30994
260	36287
13	31553
194	25281
122	5553
422	4249
253	28198
429	33000
619	7691
2182	354
298	22929
700	22870
2223	933
73	4157
287	2815
81	18213
344	238
10	18038
858	16784
565	28003
129	2807
1336	5733
23	34205
124	34622
650	10084
122	46562
183	192
198	16137
626	8647
332	26048
54	4466
1535	14967
1256	14125
701	9024
384	13855
5619	60
338	629
191	16815
689	10684
103	29698
1897	494
211	12664
270	47371
170	53701
217	10063
289	36244
115	26547
209	21391
165	26502
60	40976
246	8412
1312	8656
447	3244
211	25599
503	10952
7	35809
143	17400
1135	835
265	7443
204	34012
429	9866
152	45124
5	4814
323	877
14	6284
502	4958
324	47100
144	17403
322	15638
404	3455
375	10391
593	29024
27	13182
167	46084
356	29050
484	11748
224	36919
126	16257
81	28305
258	35102
113	1207
741	2656
766	18228
49	25290
349	22597
1938	782
2157	48
82	4687
73	36335
2	32200
34	2377
194	20160
53	34377
344	3674
6	31253
534	51567
27	17290
443	4338
2074	3764
1625	8563
704	1941
497	9517
226	25959
1054	2216
64	9983
563	10245
175	24263
81	6354
90	21789
72	6766
137	37348
9	558
2	8308
166	8534
1955	7165
58	3796
185	23670
559	1572
7895	679
2	58429
336	34393
155	7923
734	7026
75	21608
682	23358
242	9583
34	1326
121	7970
91	18201
33	8127
61	5920
310	11351
319	54903
195	4729
65535	61365
191	28130
670	5273
284	19409
50	192
20	9932
735	12174
1	38268
252	14722
5	25499
607	30392
2321	783
341	33715
151	10074
261	4046
1009	18535
182	429
57	42431
495	6344
153	4485
7	18616
68	3913
28	28450
147	10865
221	28780
318	10579
195	39208
70	11036
372	22371
92	44549
248	39583
926	522
3350	3381
676	15749
92	14034
8	15535
951	6731
64	38254
343	30915
154	4363
49	26062
205	11023
459	3653
85	21324
145	13316
22	18617
528	27017
708	719
337	18448
523	12387
124	33080
24	5557
100	2048
122	34707
127	1940
194	21959
290	14035
3690	63
842	9598
9253	1504
83	27783
823	24303
142	60924
59	60884
498	24123
634	35233
104	12969
1736	27
460	5052
450	5891
3431	814
101	1551
36	28128
164	11172
109	12215
1104	8782
138	13665
208	48223
237	43890
809	7600
199	43425
154	33646
22	4602
23	2945
0	30039
1600	1535
39	8180
483	8082
3	1932
791	143
492	25717
51	26259
247	34706
640	11953
1287	1062
402	21222
1112	1363
1228	3403
15	40090
1433	973
597	6967
126	15848
31	31786
19	20857
19	43501
406	21347
82	58199
94	20086
283	8320
42	27068
565	14992
44	30904
632	11346
190	40168
20	39941
38	11353
289	5826
258	15159
292	16004
54	4675
280	7032
387	16412
55	36490
262	14076
90	46092
79	35984
698	20210
152	47085
40	3180
705	36059
0	4633
42	34562
114	15207
123	38065
319	44337
110	9099
719	4220
71	32595
6071	780
177	15672
18	592
225	11121
17	54243
432	10582
354	17910
920	1899
328	5063
309	28156
3	15150
138	27149
311	39925
47	4328
781	782
602	8192
164	27331
102	17374
254	15172
56	22931
91	28989
456	26194
111	29156
255	55566
666	6065
23	23716
81	17671
196	13139
547	6041
186	19485
271	5059
98	31213
559	7609
322	38673
149	8349
267	13934
216	21469
45	25149
134	52141
361	35468
119	4642
635	14434
103	24371
8	35206
22	9551
43	5779
316	5098
15	8850
696	15539
314	49056
3656	2861
1510	611
107	27117
224	20596
2979	410
967	6993
513	26210
7	17369
826	21597
22	3032
68	39251
153	2250
22	68
204	37720
53	626
3	20329
176	2244
358	24137
28	19311
140	5077
621	15320
5	23438
439	9159
715	11927
8	29058
463	22827
223	14951
40	2786
1065	8303
144	12556
252	29468
146	27760
609	16140
121	40564
92	5633
147	9304
408	37467
594	14096
259	5326
4404	276
51	23922
25	23232
172	44795
17	25001
29	26594
307	12967
38	23820
164	178
78	18549
4	10572
268	8668
54	9919
300	2245
130	19055
13	27122
23731	81
1250	7847
728	16590
239	17160
165	43620
73	53344
35	38960
11	57304
111	30426
206	12307
89	43097
1936	3812
75	40656
359	17365
11	33659
282	19115
102	19057
114	8738
800	4836
5	4942
33	18807
62	39292
79	3916
70	16364
113	26628
467	11892
10	18626
475	12389
1135	3034
287	10396
14	36729
6	16295
158	926
538	30713
86	6250
472	10543
14	12538
18	42091
114	19167
90	49004
330	4289
43	44676
125	1591
23	18109
8701	472
888	6193
297	48678
210	26540
849	11567
602	14597
197	24082
71	27570
520	6771
43	21029
89	28514
831	6406
23	8112
15	41176
110	26992
221	14183
40	18759
1404	5191
138	27759
471	35828
204	12202
665	9556
502	21489
0	608
34	3683
220	23082
55	7266
27	36073
325	13914
204	26120
83	28278
474	9268
118	6965
272	12420
262	7516
13	3076
115	23888
577	11151
1396	6116
336	22953
5124	658
419	6515
90	33900
11	9888
1	53873
1	15535
78	43720
1107	1381
372	2870
124	26063
1159	6810
181	5048
25	3566
278	19202
296	35329
9	29750
367	30864
114	11471
776	4912
54	41518
14679	338
21	1115
20	26378
217	8061
59	498
128	38284
33	25504
2869	970
73	9746
179	1303
145	28685
348	2221
990	5829
457	41111
374	7239
2265	2534
211	31396
98	5724
20	24271
814	14988
112	25487
315	7181
227	28874
410	5080
141	24005
1	42973
34	17214
74	13183
319	16244
28	3987
638	30812
67	51421
61	37871
9	29295
414	22472
76	18980
1991	3850
95	876
268	24461
590	15997
13	12775
480	10353
601	7834
426	52643
473	17945
11	1296
113	10586
343	8324
44	4263
69	4933
23	54715
268	32556
135	393
207	26601
258	42855
332	5979
10	19521
146	27517
292	27805
242	19594
24	40207
1200	11768
86	13440
178	4895
492	4661
128	10974
179	2324
3637	3819
16	542
469	2559
42	54980
132	48182
14	14019
676	9531
162	30855
266	17039
98	46838
386	8959
304	30311
115	27845
6	22157
98	16363
433	6795
0	5699
94	1290
1	42622
15	54838
212	29922
307	32426
65535	42233
178	14960
1162	2250
115	36524
116	1913
137	4307
559	1530
546	5004
90	6174
57	56492
646	7802
89	9655
71	8711
387	20567
51	25891
484	40472
781	12138
69	5348
587	1434
261	24114
153	3890
397	9642
4277	1988
251	45640
1362	16587
58	22196
507	9131
598	103
90	2625
5195	946
46	5795
191	17099
796	637
842	17625
217	21000
56	21906
230	2180
420	19455
28	33085
32	12880
2027	7159
182	199
147	30224
65	11433
282	1589
256	7450
94	3555
29	6369
71	19200
48	3033
353	5981
21	27459
42	1762
9351	1402
66	34248
1455	12305
116	14255
265	22652
86	5645
48	4365
196	1124
773	1078
459	7102
8	1909
102	14742
1666	14077
344	5139
276	29871
76	8925
729	17798
1534	3147
1059	8559
120	7333
72	10865
539	7932
12	22667
215	5432
30	40647
93	14113
88	23122
65535	42210
111	1630
3	9137
602	12188
382	1651
165	12597
391	23516
60	12689
9	39519
226	44297
29	15955
4386	2884
31	186
58	10327
346	36665
169	7014
55	17919
33257	305
587	10752
75	35179
252	44573
96	42001
90	1808
250	20751
468	18468
105	36600
296	22380
214	57012
367	24200
347	12907
79	20597
565	2010
637	3836
89	26214
93	25586
149	36514
134	7040
745	15974
150	4868
5	13027
138	15722
652	3038
790	8575
2747	2444
884	3648
241	20331
1078	919
169	18701
656	19600
209	35949
239	10137
322	36128
92	20995
554	12719
254	41328
287	13587
705	1105
39	32934
334	3971
414	10766
234	59962
251	5643
422	15009
4301	2959
144	43077
356	28454
30	32528
230	8104
389	24709
457	7362
215	17881
209	2299
493	22556
475	7170
158	9657
16	32456
1817	2310
91	215
621	29193
126	4080
25	6902
728	17148
3	9404
106	37337
84	14888
518	34738
481	3133
852	2942
94	10795
45	22298
66	1973
304	18303
319	35318
60	3974
126	35042
94	5701
180	16072
717	6606
46	9665
614	18890
214	4999
343	14966
307	12303
618	8393
12	35312
534	18033
225	41872
4122	2025
171	13517
139	43176
13	8743
92	22232
252	25138
8	9010
49	30832
24	19857
213	17502
578	8907
484	58
678	4583
230	16360
102	51933
565	4453
173	22926
256	2415
202	32734
3	6888
181	23265
234	12738
20	1413
236	11508
396	21036
475	18855
228	10191
41	9850
150	15310
122	20624
237	26151
403	54444
199	17853
428	7191
847	3015
1096	3373
473	546
153	6497
1008	1849
423	17933
324	22672
488	9936
1	6108
69	30319
70	12662
529	4859
1146	652
863	4359
1320	22552
1153	646
231	31228
65	46174
4173	293
229	14996
979	13983
49	33342
142	37392
113	17085
105	17399
1069	1500
161	36321
277	27944
1220	2230
2397	4280
164	590
8558	2462
514	19956
5235	2888
216	15128
1088	8971
262	10968
2570	1086
154	6524
1028	968
22	27229
888	7657
174	6287
485	10852
169	50090
104	27528
154	39631
192	1570
281	19050
1461	13906
84	38012
154	56364
378	32054
417	40800
17	56482
309	1688
63	46061
510	51284
87	23042
88	26915
108	21948
8	7544
187	19045
176	17306
348	40287
293	25480
1037	8345
941	7968
140	6011
1363	1182
61	12537
177	30749
111	3040
33	4923
945	14314
312	31187
2319	4515
147	3981
4208	3593
1332	6273
322	1324
1174	6667
321	16230
194	23970
105	52350
139	32608
100	34279
1476	4466
180	247
279	29234
683	7602
220	18858
177	31836
713	15089
191	2862
23	25783
3313	870
388	8197
542	9882
52	20934
372	16911
23	36627
65535	34169
33	23439
1335	7000
349	27133
371	17120
261	8730
15	18928
332	33127
155	1669
1411	6421
67	6967
663	7292
774	132
81	40996
98	35630
697	270
636	1431
375	1993
2	32513
723	28104
389	14390
369	1842
95	1399
84	49096
1190	15909
752	20818
460	872
210	38212
134	1402
104	52868
19	8719
224	11661
2691	5686
33	41868
184	12635
289	748
348	5165
15	46644
2992	3424
6227	678
815	1471
2950	79
2509	457
3	30150
188	21051
11	26094
897	1783
208	10884
217	38728
5	25240
6	13813
148	16939
36	59914
1153	7061
497	5910
150	33782
319	8450
15	11422
71	8910
46	16127
3621	251
63	42082
14	6672
45	8974
233	19868
28	32284
616	14356
49	16636
216	41092
452	779
39	4438
78	15538
48	2394
42	11752
509	14755
342	24477
43	14139
310	40308
662	7284
90	7746
119	11523
29	44666
2273	5325
676	11793
1563	7500
20	16055
37	506
164	37383
283	13875
41	806
372	30
326	33643
1419	5917
85	5637
367	5732
4	27596
155	9002
1366	6517
380	53147
40	34254
67	6845
46	31876
166	7735
233	34485
88	29200
618	8081
489	5241
40	2584
386	3270
3	30853
328	17607
509	19096
3	18792
583	35947
992	5000
336	11004
512	7938
182	2268
65535	5483
111	31476
699	6214
172	59919
11	8958
2139	2995
1428	138
126	25612
178	4038
570	17121
129	20525
407	33918
124	53525
291	37754
14	17603
15029	102
118	20332
65535	7398
222	5583
242	37886
34	9414
700	3894
987	2470
345	44147
55	30135
63	18533
1180	3784
427	2636
74	26793
20	40111
1201	19529
65535	40869
36	7925
994	5587
490	20169
20	15767
49	14277
16355	247
421	15485
429	1778
321	26613
336	5683
156	14381
44	32433
393	30697
457	32976
153	3472
1714	10672
359	22825
18	2821
377	4438
203	21358
355	36451
286	4588
93	19362
233	18505
23	11868
94	1357
16	7263
14591	345
36	10210
9	19642
242	16129
81	26636
324	27045
58	7577
779	5935
186	7561
1	22512
128	16196
39	54124
355	14618
1070	5124
53	24109
15	46190
351	2627
181	8719
210	25968
147	39628
1679	10587
845	6513
179	52592
103	41671
270	5788
223	26939
329	19017
314	3204
989	6907
38	5438
80	54167
22	6274
7	17595
443	10922
9	34543
19	18468
634	30570
396	8377
145	47389
2235	5840
108	13139
54	22420
243	8049
9	15984
386	30618
607	24523
514	3153
973	157
59	18018
86	38094
109	2578
486	1971
318	34531
2089	3176
93	3255
195	51959
499	2507
249	15754
274	13386
195	13455
3026	1442
358	47725
430	29091
23	30288
9	27112
55	27213
911	7655
389	602
2	39689
133	1903
4	41264
3056	4787
330	42870
1460	583
257	30574
4	5644
99	27617
52	4354
323	34428
74	11132
19	6605
116	34450
141	20496
64	32132
84	13469
131	31363
369	8435
259	25708
170	5575
67	36913
183	1947
7	36005
178	53333
777	2862
56	18457
52	20566
6	6309
240	16604
339	24241
187	15983
620	25661
414	6116
80	14370
247	1626
245	10609
295	10943
196	49738
409	12321
16	6212
340	10885
1201	6239
167	51119
1396	7694
2772	2644
382	1803
36	25568
125	22269
162	16153
346	22575
968	1722
533	31829
301	3710
242	16769
90	21492
431	4672
16	4500
96	20103
291	33944
783	12012
42	35524
48	4084
35	22132
11574	1121
372	15485
126	27465
12	7483
42	36890
123	21961
8	16039
107	26933
221	3900
75	58781
443	16408
502	20324
113	7438
144	548
555	9645
214	5981
62	4648
155	37564
35	15062
111	15599
29	5095
57	10597
68	39992
727	16161
12	8448
198	37113
1743	4234
2	17956
116	10937
449	1328
1208	1364
485	5661
481	27754
251	29541
68	22791
145	15991
171	32889
645	4967
555	18744
50	7336
1785	7861
47	7079
17	46000
38	1096
40	19509
941	2748
1199	6492
2	2926
809	347
115	556
330	9333
166	25806
364	6400
117	2875
7	42424
555	35485
3707	4862
20	8083
13	16373
184	29717
302	6257
77	43947
249	37301
543	30713
1007	2832
917	854
19	13007
725	18514
1097	7360
16549	1230
307	2161
25	58995
211	16252
12	36317
136	39963
34	4300
71	1726
482	32714
167	14381
25321	99
275	23003
470	1016
346	3048
1005	3550
1294	8072
58	5464
1156	6376
103	18767
251	10202
166	33913
69	3796
227	17509
262	5902
122	2773
962	18662
468	28444
124	64374
115	28085
1620	6288
136	12038
154	30146
64	29125
1050	11061
28	48519
437	1070
134	3876
1669	1795
427	33654
88	9386
3607	3246
30	52592
39	4187
64	43409
136	9356
60	13596
84	23175
105	29991
14	8592
395	22164
296	24228
255	21368
65535	34836
243	2861
1436	4571
55	28255
446	5433
117	2607
500	21283
13	21116
158	54022
89	8306
20	519
2299	1247
1491	5454
43287	55
64	33668
506	31497
481	19895
1052	2277
420	7041
892	24667
104	1030
138	27684
40	21810
197	7317
142	23603
387	46272
177	49749
19	35761
193	2863
24	7230
601	34978
208	36153
104	5232
997	6343
107	13381
29891	370
501	4051
12	29344
32	8561
575	13596
435	34776
89	17386
24	283
386	41662
923	7828
623	7949
50	7823
14	4835
86	22519
405	225
98	10532
1467	2869
642	4936
139	13978
279	4119
446	14685
1654	2015
77	42218
210	41463
795	2360
367	6625
213	8958
44	10136
1036	7091
854	17731
61	208
343	36750
1964	1010
423	8122
269	33220
60	29220
449	7972
7	12848
244	14467
22	50795
466	4647
47	2376
330	1718
88	28962
1153	5609
151	22917
230	2007
32	7971
171	5416
281	4212
477	15560
310	13472
4	18
228	31451
386	32700
241	14542
330	3910
434	9351
86	2930
58	15956
432	20172
290	38993
728	16536
4	5911
385	2222
5465	1599
302	1078
760	4644
719	8392
511	30187
62	34502
11	5467
468	4121
1104	12097
50	20092
374	6143
19	4162
3	32948
32	30736
200	27891
37	44756
2360	1186
1043	4188
56	33818
2426	843
74	14920
15	28468
505	18032
769	7607
1429	1756
50	25647
57	23134
131	3296
4	5934
1774	773
20	15622
96	2724
452	1465
1255	821
35	13746
167	19477
182	10910
374	11219
389	31827
86	48644
352	55955
1562	411
257	13232
58	14656
175	12351
1072	14533
651	425
186	16870
903	3066
27	14719
277	9287
24	18416
526	6635
15	15334
69	14117
18	18577
100	2322
1281	13811
194	370
614	12905
477	20091
120	992
65	712
1116	5590
82	17535
16	5397
179	38425
68	5322
106	1264
127	40562
19	9309
0	4590
838	7801
280	26676
260	462
12	31791
116	50042
17	19742
255	25794
146	14355
209	3459
454	14466
7	513
40	8949
309	10909
264	14291
6497	92
328	17401
125	10982
65	2429
495	5584
221	993
9716	773
899	15982
548	1375
144	30370
107	41152
101	58904
157	18782
369	7185
34	21533
280	20545
148	28232
468	772
197	11052
978	2203
1673	1416
54	15751
402	11590
667	388
53	19962
1019	12308
895	248
90	13791
87	2713
412	18063
1765	764
398	11230
2928	2576
229	8049
218	10904
525	31633
36	10658
88	3433
13	10485
612	25766
964	5811
111	43998
766	8820
9	25097
14	46079
343	4402
81	16662
211	55
67	19639
212	8736
32	45939
47	2496
279	12584
265	9851
29	1276
298	52631
64	21118
389	2709
84	28759
1060	872
301	8332
18	43357
201	1187
194	1079
54	42176
286	12963
111	12006
35	10279
20	38400
97	415
147	40825
356	29070
11	9646
262	3803
18021	176
461	6647
7622	1830
224	1689
33	7694
40	55259
40	7461
762	5202
40	34086
525	11448
816	15299
22	6927
800	7241
9	5308
117	57287
153	18779
1769	7761
183	17596
58	28829
247	10935
21	18544
1033	38
135	6218
177	14775
1423	11902
228	25391
69	21092
147	27258
2169	813
207	39130
1191	495
1006	4671
864	3990
131	31404
203	21161
300	1776
328	904
5739	1276
79	4806
195	8653
21	2252
7	8101
268	2306
2803	1272
944	2629
48	10133
1391	2525
199	29297
266	21900
166	30422
268	25971
1757	5367
223	35549
297	21375
255	13741
380	122
341	7309
40	8778
26	7079
17	52877
57	1346
78	12934
308	8069
518	2517
126	4961
552	15122
11	47268
3812	1423
613	1783
70	26528
54	14449
77	23256
132	11129
224	24929
63	46949
158	8687
635	13335
3212	2697
221	8902
20	5959
109	7803
101	5966
121	53867
8482	1496
2	20573
164	57011
2461	7001
197	47111
237	19308
165	2119
65535	42817
587	23228
289	51313
22	27027
5435	220
116	5305
694	2409
372	39319
617	515
15	31744
1189	1479
122	24208
3	7308
86	3124
194	3575
47	3452
8721	2178
347	26475
84	7914
197	1412
478	6812
408	22662
131	24482
68	24615
147	16538
297	28575
292	10709
504	734
0	10041
148	19098
1555	11534
252	12788
215	4397
44	5617
292	12953
10	43586
443	8844
76	918
463	24343
2925	1265
126	39823
709	33328
3321	598
410	3895
478	29146
14	34035
493	1602
47	35783
412	14982
127	6606
58	4012
39	600
1633	2983
514	6193
375	44954
125	25410
418	1773
623	20724
143	6369
119	13762
48	2813
391	4217
19	23724
35	1543
105	9832
100	38787
295	7561
164	24956
47575	277
334	10116
131	42958
3	5575
8	10660
1058	7328
242	12705
503	11274
380	4242
395	21398
704	2310
79	13567
80	8571
753	21242
11459	859
68	22938
863	4958
771	14868
735	5
104	8279
217	11071
491	27012
287	12220
55	10449
14	21469
8	20785
2	20583
96	11504
1152	2849
268	36902
0	3266
799	2523
574	3992
88	3819
1028	4375
217	21843
68	25009
712	5992
57	211
465	44198
1032	2070
6439	553
290	29159
2814	5886
276	18997
2432	2146
207	19518
66	19953
80	9259
1426	6896
172	585
251	16447
562	7408
146	45683
248	9450
78	32432
30	31876
48	38491
519	10908
66	2230
807	14774
1521	16372
226	37202
635	21179
499	9041
250	54832
155	10327
3511	100
401	24380
88	32604
27	28658
474	5675
13	24943
347	5511
11	24901
2557	2829
95	19621
239	26269
70	1066
27	36930
1570	9881
558	22370
1	26138
782	27934
194	26107
259	18784
178	4201
722	22171
36	15889
32	18226
103	39866
175	25786
9941	398
551	2711
798	15475
420	8933
199	583
146	35184
177	27179
4006	1891
33	3063
4726	672
293	9483
45	19042
226	14007
1768	9810
55	6040
1292	13282
42	282
318	5447
8	7032
488	8608
142	24524
669	15863
106	6768
12	31660
380	13603
1198	13380
114	17820
175	38259
456	160
195	25608
291	42248
310	10983
447	12670
142	34250
37	5032
12	27829
172	2055
219	54855
627	4771
201	6447
39	52982
1494	5259
9039	2338
19	15885
779	9962
78	4817
17	24596
207	5663
287	15491
235	34065
60	27892
916	9855
4	37996
2513	2601
583	30631
907	7182
332	9971
22	44053
410	3667
141	47419
249	5858
71	11042
310	33971
21	9557
282	8364
150	45841
1179	10112
403	10399
339	9634
188	32503
54	54513
1132	12127
141	40890
6870	1725
248	32937
82	20375
34	36987
1441	3331
4	41464
9	27834
915	984
74	16878
811	27
2209	1698
3003	5203
799	7064
127	11000
109	10629
25	439
7661	2680
1380	4064
0	15492
164	8439
68	11076
609	219
2073	444
121	14709
192	60416
1812	4319
87	26755
1775	6623
335	29580
134	4255
1170	7873
1208	3408
1226	1424
719	16305
14494	360
210	40081
35	4856
106	18374
174	29947
0	15792
28	3049
129	8515
305	9432
95	24158
781	3389
903	18353
77	7855
1541	755
187	17927
41	25968
1740	3338
577	5013
620	6099
46	18226
690	1286
348	6461
468	10510
815	268
327	356
90	18592
500	31639
5730	2240
261	16571
1	35991
185	8696
194	31487
27	0
136	493
17	6570
1010	569
178	1119
244	1082
58	29172
5651	384
197	52569
70	15349
15	3891
138	41598
240	31064
902	17226
3347	364
112	23539
169	22149
48	5066
29	16992
78	43042
252	25111
846	1425
33	44673
865	8374
9	20711
0	46579
776	10107
331	8395
108	13232
2981	860
1014	24665
322	34320
305	9432
5352	1464
563	6996
153	40362
103	6390
125	19741
469	4852
440	14872
125	5993
31	27615
929	17990
427	262
143	13638
647	9539
615	26966
113	27866
7	4778
141	20406
432	19599
58	6224
75	27358
26	13420
186	18864
111	11736
52	17057
229	6988
19	19128
264	11531
13	42965
62	36853
1430	5610
422	10214
11964	506
8	21949
20	9080
1006	2085
59	51513
2509	2943
103	26635
186	55366
50	3423
559	20982
913	2444
116	19890
468	3834
33088	32
543	10627
8	39619
144	7480
170	37802
5052	602
51	7770
58	57532
48	46384
322	10719
638	16919
77	52793
97	18526
306	1083
797	851
1518	387
1	2405
475	3243
2680	2600
313	5031
99	370
51	42734
5	1150
130	60514
108	19300
180	39635
162	31512
234	1728
99	26033
81	22019
121	34699
207	25008
16608	1585
310	11975
1357	3852
494	13488
76	12314
18	40921
43	41770
28080	48
306	166
5	292
668	7719
487	22156
47	3208
283	33994
863	1830
13	11723
106	18510
106	36697
21	11097
63	21765
152	42184
6	1153
1447	3430
215	9922
1711	2341
251	41629
342	7264
3	11479
687	24942
729	195
67	9653
1303	1635
838	12211
690	23080
162	5512
501	11107
584	1541
3334	135
177	26179
115	8521
231	1833
524	18267
23	6389
1404	14846
495	479
71	61952
541	14222
107	32891
106	75
273	14164
665	7507
73	6638
315	25303
216	10098
95	6583
1228	16294
658	7775
260	15824
7	51685
10	10274
35	47804
319	8901
93	12671
5	19897
10	20526
94	48177
715	30993
548	37624
1	12677
439	19096
450	566
428	11352
66	14863
155	25603
139	1976
126	5888
416	17961
759	4350
12	4380
1249	5129
263	34743
283	15636
8	22539
4	46410
1414	379
236	16017
14	4841
387	30731
247	26064
22	9850
1129	7349
18	9911
55	3639
31	7743
168	584
2119	5182
186	3519
441	9562
446	18096
188	42855
163	16312
752	5117
13069	143
155	9401
56	25694
80	654
1	24703
7585	37
63	23202
187	1786
770	11589
231	43400
141	20746
308	27275
17	22059
338	13999
144	13871
887	22187
202	2458
3626	273
219	14082
504	5274
332	22422
196	32999
8	22384
59	13292
510	7736
2011	2600
28	22059
490	1945
188	29086
3	11663
239	35245
24	25879
373	3369
583	8391
128	5838
96	1917
212	13530
11	52465
204	48401
206	23253
439	512
25	25848
498	6816
830	14388
254	50163
257	25046
767	28249
116	1186
27	6855
303	62982
53	27518
375	44118
41	765
115	775
1799	7358
117	3354
503	1977
498	27013
95	18100
208	45200
214	38164
14	22104
164	17491
173	22919
35	9040
196	2401
11	17900
771	5388
1700	2416
424	8267
968	11194
8978	1502
47	12199
155	19915
677	2850
202	30732
577	8979
66	347
568	41571
533	5420
9	9520
426	3153
165	352
62	47208
1	44057
624	135
277	10054
9	3417
337	29591
70	48358
8	13269
4	22737
932	477
1748	7857
131	34677
67	4658
416	5904
97	37686
330	10811
360	25430
132	647
207	24958
232	788
311	39886
124	5706
454	15328
128	4686
71	16856
300	16822
301	15032
189	52018
115	17083
412	12969
201	22913
6558	2111
38	1167
367	35765
403	25602
1330	1593
345	276
325	1422
188	33265
14	21545
369	3428
886	12247
434	4171
13915	1240
2831	4768
168	4866
39	48983
301	31518
269	27703
737	8091
66	14335
122	2685
93	14955
65535	38219
52834	132
190	44117
753	8079
38	51509
3185	3168
1547	829
376	7121
555	26097
105	33001
47	14320
0	28377
410	11594
373	4975
262	5828
766	3301
33	11315
82	16377
370	4239
343	3498
7	4523
9	34425
156	44487
155	11913
481	8791
74	27172
14	3073
1359	2305
830	16142
177	14438
317	10719
249	45646
3	20765
16	8657
1116	15094
2951	18
37	5197
211	13290
704	13409
432	42107
1297	425
6548	921
31	23071
262	6538
300	555
124	1448
145	29119
284	12930
80	29082
742	2836
314	2709
2148	6331
142	21845
14	41658
2499	3273
123	32637
21	26718
102	38615
69	125
143	34811
39	7767
842	107
127	1216
339	1225
360	18188
347	45298
226	23740
52	7641
18	45578
347	30329
394	21949
673	7113
746	14277
2186	5714
486	21827
141	25194
132	2041
242	1100
42	19559
507	13081
12	8454
155	7210
36	487
611	3937
4	11083
214	3349
219	20256
529	7086
18	15933
117	1396
61	19912
24	14281
1204	2974
172	38014
60	15351
164	28483
217	10983
92	1124
3709	915
3602	1476
2	1276
206	11710
381	29175
112	14743
392	18708
76	957
99	48205
1398	1263
217	11166
40	3770
6	27854
1538	5774
192	30163
19	2249
50	28414
2498	1106
107	3776
9673	700
49	5591
830	9144
174	35070
86	13307
36	5900
135	27699
268	2843
557	15294
37	49918
342	16433
361	7505
111	42144
437	27781
8	17410
370	1929
33	17787
68	32182
297	980
39	4284
77	29093
3789	433
143	5473
610	16694
6151	3509
7	16772
795	4134
67	18977
1531	4666
38	54317
96	17481
194	29364
12	2317
1079	9793
282	4957
57	41201
1352	5121
1810	1845
162	22571
443	9745
1402	10668
276	39716
119	42460
1910	11683
3	26209
113	3280
2869	30
3396	3667
584	4347
1304	3702
17127	926
735	8187
10223	978
190	16905
436	18689
486	22417
963	4380
1253	4700
1297	2309
1	36919
40	2574
667	9092
10	46226
40	5310
106	28578
453	40032
67	21680
251	12190
215	40826
1749	5026
103	5924
784	2336
65	13811
200	2353
903	4270
164	14924
2	25848
177	20496
241	22772
658	14488
3	40440
415	24135
1110	3934
10158	225
1162	259
5	25488
87	11734
11921	627
437	39588
44	7334
758	37
723	8532
140	29720
8	17714
1404	1647
35	11842
1784	3447
40	39808
88	28312
3411	3917
46	2697
365	48925
246	17846
1262	162
2392	2035
93	654
413	7356
246	48035
173	22086
14	63760
314	7895
35	17018
274	32533
1406	543
128	38843
394	53859
2166	377
837	6216
31	21577
382	9870
333	16386
0	17968
668	6892
52	13041
175	25692
113	37089
376	10898
500	3117
157	9351
132	8736
499	3539
676	2439
269	5440
3011	27
1091	720
188	7834
362	11490
238	17197
413	112
260	30798
109	12192
979	16945
136	3883
406	41075
19	2647
49	23892
487	32358
67	20858
171	24818
284	33182
645	11284
80	47944
183	24413
17	31767
146	49969
246	5520
200	33452
107	19969
14	17560
260	18242
63	6010
60	7262
2	15366
238	18611
249	4377
43	32649
99	20036
1220	2988
32	7262
780	2661
248	7608
109	54154
23	11466
31	4672
3	4414
1446	10581
1179	14134
185	19882
68	3130
468	1338
222	14729
246	40666
802	8092
14	12239
1084	411
461	15120
541	24450
10801	602
12	10018
267	8935
745	30972
360	20643
1015	2334
376	26489
344	14892
357	29226
19	2243
10763	66
360	5693
99	26578
11	3301
77	15399
104	8537
220	15609
289	8879
2719	4806
76	20803
149	3671
495	3022
33	16362
196	19910
13	31181
29	52330
460	21782
458	29775
50	31738
715	17515
115	12330
1312	2932
215	47928
1530	14015
63	15441
621	2052
182	1710
2	39796
14	25083
2	12597
10	22304
312	1273
41	36423
588	18336
396	4080
322	30203
285	25471
131	26902
52	3381
307	8414
342	2343
1085	6984
293	26087
312	35008
10009	57
225	33902
114	30547
374	27967
212	16333
226	25190
777	1939
23	19287
20	14828
55	21269
87	1697
405	46166
84	27732
478	704
39	4374
1197	4661
22	10752
62	640
153	35619
45	30936
8	38131
172	57973
48	6039
20	24159
16	25154
49	21571
396	23541
1441	2329
121	47035
1859	3507
156	19598
250	23545
5253	2094
52076	304
296	16559
118	2194
2	19657
151	12874
15	18144
5	16003
409	6776
1013	4228
693	3158
514	29018
54	13748
105	35057
11	14006
706	20262
837	5091
662	13238
17	1759
154	25272
213	16949
215	752
37	43580
161	50430
633	12483
316	2906
175	39430
353	1961
261	28634
4208	4008
111	17
79	22488
641	15590
63	19936
217	11564
78	16435
46	10558
89	3280
139	8553
60	50718
154	26682
0	21895
48	15879
363	20976
158	53290
562	23223
373	9693
89	16459
1366	2084
123	48726
611	4224
844	2968
428	2693
1	5659
22	57401
161	1628
1587	485
345	24705
11586	5
363	30706
272	2193
333	13941
1514	6042
349	19215
271	13368
14	1547
306	14922
375	23598
12235	1001
2536	1451
341	14453
509	30495
102	10657
809	8189
121	11912
165	17099
78	14327
1370	7779
447	2809
407	8917
504	1489
95	24218
181	34858
67	24119
17	1279
34	335
272	37661
118	33091
553	30422
2	8451
200	256
3742	2904
81	4252
2052	273
526	7841
75	1343
46	3750
303	20187
59	18713
897	10567
901	11252
138	4863
9	34537
41	4070
723	10676
771	6021
470	19392
1353	7149
137	39321
506	1631
242	34222
16	33598
811	18868
64	3729
164	1082
193	24080
162	12083
14	49256
65	32221
82	7321
853	2186
453	19452
248	32007
40	14695
393	30581
498	21073
59	14160
110	10783
369	2698
252	46619
111	22722
80	39086
241	21673
872	1025
338	4275
552	24026
193	10969
805	13003
292	17108
347	24434
483	761
1486	413
59	83
35	23432
81	43650
626	9204
793	21715
4961	820
452	33779
1584	4508
449	2910
174	49413
158	48130
40	30987
80	385
51	12021
1929	1882
79	2375
552	13878
228	44894
32	23581
32	35213
481	7043
18	20833
960	8411
43	6356
317	35898
66	5546
152	12393
92	8272
1655	1775
108	1631
184	7756
410	10085
279	18644
65535	41359
739	17774
309	1277
202	2708
75	36287
242	17937
2746	2373
487	21607
485	16507
615	28944
123	29449
62	30475
11	27089
76	3826
144	11378
40	7096
0	39105
531	32246
496	33762
98	12262
9	37818
135	8209
261	11376
76	2597
7	21008
1739	777
0	20119
716	6887
108	18537
140	2848
399	32421
330	16482
222	19540
330	19244
186	40969
209	2217
45	3688
103	36348
694	4217
5724	599
114	606
646	786
214	8636
208	1037
526	13894
343	4993
920	6193
11	2424
38	9896
1358	12019
44	15130
192	32764
922	2219
404	16848
82	1917
287	1063
161	26963
114	16132
20	3773
44	1829
1221	56
161	8037
233	5006
140	34363
66	15995
679	16601
101	546
222	4722
260	37105
291	30467
155	1458
11	7869
86	11287
2008	6160
946	1059
2971	5118
126	28866
276	10080
4	43719
297	2968
484	58718
902	152
3550	5286
61	8090
347	14125
424	16450
172	44488
130	1795
43	13077
126	28840
147	8652
3486	6223
3	2052
738	3464
759	14333
2278	1186
61	27549
27	3178
834	12202
65	8496
44	32616
99	37343
682	15645
146	1424
91	64
912	4312
102	26001
264	1719
27	17492
317	7184
166	32889
145	9515
282	8234
86	27125
46	59027
255	4617
252	7492
40	23870
103	46704
3113	2411
208	25960
407	4096
566	2014
475	27353
493	15684
414	6249
2111	8388
588	9975
319	41249
231	17826
1463	6095
412	12042
413	5947
24	50471
223	20116
553	2970
103	23990
51	15806
166	54877
52	27466
524	4520
333	18583
57	31597
609	7761
20	14976
77	26696
31	2829
445	13875
459	3185
1582	2717
42	21894
55	9129
543	15668
43	16617
40	12510
1832	4505
2584	1685
144	29338
35	32222
356	22201
111	13991
93	36009
296	4513
205	2745
450	15826
26	21592
725	3966
622	5492
67	27758
142	29469
9	13780
715	20521
6	48914
19	29894
140	37438
48	24053
7	3951
34	43002
2	20689
1367	13797
1238	8736
182	9327
38	20510
1031	478
301	28942
16	19253
5872	759
185	278
1493	13311
336	11016
269	32214
688	3781
5	32701
191	57967
608	37067
586	4387
32	11096
11614	1066
88	29398
373	22912
158	50253
437	970
11	1453
543	5647
356	15525
5716	2885
1590	16233
331	5678
527	2100
113	7823
57	43820
889	24
13	1713
41	29012
157	1756
205	17536
1280	11813
292	7487
480	47053
41	2917
314	27306
254	675
739	2777
96	16416
119	10291
315	24357
0	31060
691	15400
260	1466
101	6862
451	385
273	41797
227	18283
237	57853
502	48349
202	33874
32	21238
344	32902
178	27707
109	19206
35	8050
412	7615
1193	9686
216	9434
913	5862
341	18236
35	46382
3113	1269
49	21210
688	10342
45	19191
3	19628
418	14213
50	45613
263	20477
635	13696
521	30651
380	48983
32	7046
334	1482
42	14754
428	1099
65535	19990
1231	8419
17	41948
364	4074
219	4036
195	6082
1134	97
614	18230
962	12199
11	10031
145	9728
290	9188
10268	139
665	3186
239	1235
1837	519
314	17000
55	19829
7	18063
505	14324
762	7090
547	7154
1379	4906
762	2998
316	14075
221	62685
128	37843
16	18273
669	7348
199	3814
248	7868
357	19518
356	43214
123	41331
2213	1757
283	23640
76	22150
303	22466
234	32664
17	42483
48	11392
40	23702
0	2559
231	23152
456	3947
261	23824
273	30327
156	21161
367	5515
558	492
2628	5047
183	8175
206	33714
134	7273
7	9577
341	28578
16	44923
544	3807
43	8317
138	51467
548	1611
250	33433
115	41543
488	14509
804	8258
239	48950
37	4681
435	24098
84	21121
39	1003
101	16160
181	16859
136	9503
112	15092
152	36847
33	36565
119	11844
598	2092
2063	10389
687	1115
169	18605
106	12588
1041	516
459	8824
7768	2171
14	1819
457	35610
1097	11669
498	199
9	39711
28	40686
10	25670
1018	15980
82	19816
1	38203
31	7897
12	20603
173	6410
9	14058
122	13028
9020	647
127	43981
669	9940
28	2433
4034	3482
316	46056
201	99
309	21989
1915	2556
142	23190
604	34748
217	5912
338	893
372	23526
307	819
386	6755
746	7217
6	13855
6649	2302
374	3896
89	15850
1	20261
23	1009
588	26419
205	35478
254	19348
294	32377
258	5111
1528	697
385	23765
27	28296
1735	2713
142	23356
61	3882
512	4902
316	17234
72	44341
243	11725
73	23361
19	2861
309	17216
415	17955
77	21680
150	37007
66	9965
291	21817
439	737
85	23685
544	18911
162	18345
994	1559
121	31688
331	15127
140	35985
5	36717
137	18235
56	10025
176	9063
184	32528
5182	656
223	37974
181	17559
448	1797
575	27218
45	4100
45	26705
36	24504
105	5479
95	4853
413	5586
149	29254
67	14563
59	1352
547	4065
23	10825
811	114
25	11932
434	13113
1252	5731
367	47949
996	2545
70	27639
197	7592
1791	1108
86	5265
160	18875
92	4464
444	5830
445	28496
28	11545
13	2601
452	21388
330	54023
298	16577
63	20905
273	38554
1260	2392
611	13064
714	9491
571	7612
232	29073
1443	15099
316	620
552	6956
57	5418
597	9480
19	24685
49	34210
66	39839
522	24458
256	12056
39	15421
702	37587
115	29341
684	870
873	6906
77	34332
72	56612
2246	3399
281	55291
10416	14
3795	4096
135	16562
56	50443
464	9395
120	34894
15	17406
96	39830
128	2094
411	7706
84	20889
343	18750
1401	6463
65	1740
243	23030
627	23436
12	48387
0	16739
165	20144
350	5253
139	26582
930	2749
91	48540
49	14671
1348	15470
36	5194
10	12608
180	12059
1138	4049
552	16501
698	4016
147	7920
419	43336
179	10376
632	813
249	34499
410	2728
1246	6125
734	19396
86	23950
179	9911
2	11252
382	7114
52	40496
195	33772
56	13393
651	6876
119	23308
607	939
3448	3047
245	38579
316	26308
642	1301
2	33730
262	21707
166	19940
13	39975
155	11802
174	14013
195	32037
39	4883
151	24393
83	37460
216	55350
145	37859
587	1754
218	23228
6	45542
122	24736
532	25413
686	8884
367	3723
75	4769
70	34168
470	3514
1674	97
38	9952
377	17099
208	21818
565	979
174	18372
151	2132
12715	661
846	14188
212	21246
279	1586
111	24219
36536	36
202	3028
629	973
108	18980
12	43128
295	14912
1218	4777
220	18284
44	1901
176	54587
114	17031
617	16248
297	20535
378	29057
57	20920
247	29198
337	7513
40	30246
220	4755
315	53941
2355	2537
6250	434
189	24304
276	37356
568	15804
133	5877
1261	1107
5983	1797
749	20977
180	6778
135	2442
1168	8058
39	44349
210	19261
2681	4130
1268	855
82	11692
48	11941
2607	190
69	54547
39	32780
1321	1746
164	3040
516	889
187	832
283	17660
142	18133
125	14837
648	129
3	4241
41	56828
31	49908
38	13022
99	18420
18	10426
861	17104
1506	6021
1023	6029
105	12553
443	30728
82	15510
499	13867
544	3706
295	1055
12	46743
229	21886
310	7469
430	2473
321	18302
13	16300
467	10139
405	2968
209	3667
295	20943
1365	838
4	8946
471	6890
143	13144
158	27301
53	4408
210	9218
3	18571
1478	6611
635	12438
639	7374
80	22237
300	10035
427	33360
35	2717
199	4723
78	22018
250	3329
8	12606
33959	288
484	6067
412	1048
17	3346
7	7537
332	6249
33	50914
41	46074
128	26540
718	9330
248	292
259	35963
83	27202
513	1323
3942	2500
70	9666
363	14363
107	15227
14	14591
150	9814
23	11283
309	26436
1233	15556
158	44605
1034	1245
15	1819
209	47153
200	35141
33	39660
157	24115
16	19656
106	15822
40	8686
18	57048
4548	2159
156	2520
284	1085
594	5956
150	1316
3075	821
989	5197
790	2580
2112	392
153	60535
4308	204
210	1340
297	9136
110	17711
522	204
103	12054
22	16267
499	1845
54	2486
118	6327
164	21762
377	8529
1218	6824
75	39927
1350	487
215	10319
402	27527
24	17749
4012	1018
376	7181
7	39940
88	13423
882	369
164	3962
191	28280
2045	888
70	1237
5	55412
493	8321
369	15676
1294	0
480	22278
961	13338
301	25193
772	7550
0	50099
209	8083
300	5054
89	14351
1309	2687
398	2789
51	5680
840	1518
379	7794
285	23167
427	555
170	12927
75	4743
2718	4409
13	30774
193	33763
498	7927
399	24225
327	13127
109	9872
124	25283
8	1383
457	28678
137	49703
9101	923
21	11024
65535	22607
373	14603
110	45287
632	2027
89	49200
642	6250
2258	447
62	2545
14	3715
156	21302
419	37855
424	17473
620	8788
677	7708
114	10756
6119	591
23	47187
38	9697
267	43285
40	23110
636	1144
81	9090
813	2184
81	40341
549	427
2318	3212
1404	522
4463	286
5084	459
437	18469
21	5963
146	26564
45	11273
68	26596
1984	218
52	5321
252	12940
34	10787
434	3243
198	10165
678	12925
201	24182
203	14892
179	2674
119	7826
23	18391
1457	2278
480	2920
745	7041
353	23217
232	22481
12	3923
13	45427
32	7549
14	55572
205	20141
60	4746
1612	2854
70	30768
650	2649
44	7050
2725	483
115	25133
725	991
526	22033
17	8045
685	29365
428	21950
42	32708
59	6408
322	5200
102	28612
262	39995
121	14470
31	11221
138	21533
404	39140
1934	1527
44	31183
132	9295
500	8127
24	17902
1632	3252
163	39194
321	12080
145	8561
27	10503
22	16514
43	12354
128	11841
16	26707
4263	1096
595	4041
114	4361
264	25217
183	1661
580	23210
10	1919
59	22964
35	3600
449	24485
468	2103
143	4100
134	48963
16249	96
545	37996
50	19379
1223	5029
17876	863
223	38877
434	23471
107	27506
176	13911
7	42725
633	10994
79	9810
14	9873
103	18039
73	16935
376	17303
6867	2076
24	28266
324	15540
24	17743
214	40603
79	9474
16	3633
1053	9155
186	1105
607	4466
34	22773
959	1808
365	17163
16	3338
261	14623
632	10990
184	32111
111	11491
357	5202
142	22817
62	18669
20	35095
407	33938
183	5861
17	14143
16	37181
46	38255
2	24700
22	25619
478	9869
336	22453
282	8640
121	14709
999	8908
1976	4400
221	9219
179	13676
489	38459
662	12928
811	4375
350	3213
55	21227
28	12430
225	199
208	2543
15	6175
22	11569
987	8879
577	2911
73	45462
327	57078
4829	1900
88	35542
884	1378
31	8045
582	4010
85	4717
1215	7275
131	17786
282	2520
212	11975
522	13403
168	22819
314	3154
6136	3005
2210	2073
0	5277
163	29914
1286	3996
294	51470
30	53690
6890	114
834	15927
108	11056
112	15301
3267	129
29	2759
1400	1824
96	35068
238	1818
460	2639
133	5100
264	18351
250	21776
4207	3126
419	26809
199	2942
42	4954
1020	1075
222	28485
227	37147
102	18864
10	11777
142	52337
119	24893
1246	3000
509	42303
273	18136
485	3466
129	23920
48	29545
2822	3563
362	13347
538	17103
334	28684
3414	1187
410	3821
76	7064
497	35833
195	21254
43	18068
1809	642
585	3469
69	30979
47	17806
574	5425
913	8341
476	24746
1242	7103
159	20985
344	5655
338	145
4699	2636
120	11297
5383	400
1932	4414
663	8163
886	12347
154	6695
12987	397
11	6591
100	41800
124	29005
41	25845
93	55043
8	6196
509	28146
1765	5526
49	9997
552	4416
102	39254
233	21089
133	49916
190	1284
8454	642
1910	4421
371	2380
7	3467
27	3402
224	45012
1262	1970
39	28809
19	1945
189	26691
264	1677
207	39463
45	6793
105	20638
125	22045
363	12830
51	17757
387	39851
455	3270
78	17098
44	18370
21	889
372	35451
283	10248
123	6957
4565	473
34	57856
588	7044
341	21173
256	37954
1856	1232
69	15912
57	51394
406	1428
8	25539
226	17875
11	6275
18	10768
109	36674
891	2666
190	18385
24	35275
128	24492
1410	1502
14	17717
84	25575
92	45122
242	4710
66	29626
17	33065
80	568
478	13912
45	28025
134	231
1814	1926
24	5615
214	16804
481	28871
92	36358
696	16289
181	51323
104	7050
30	14816
24	8956
675	28218
22	1788
70	23186
55	20506
32	22994
13	20059
1434	87
347	7073
165	9396
66	13994
6	16368
1351	1480
179	4079
294	31050
2253	3408
1691	2367
381	9674
145	27107
9	28475
85	17906
7	12884
388	19286
79	18115
565	8522
146	58344
177	50750
252	9731
44171	16
67	35548
9	20686
196	8420
70	7046
1750	6683
38	1491
485	9557
36	48713
322	11899
195	41219
7812	1611
7	31330
127	7978
312	2318
97	23921
3584	1777
51	33521
37	26649
62	9444
1	27283
197	20807
66	25811
348	31004
42	3933
1649	9003
277	9177
148	4469
447	18117
57	21147
199	24030
443	22482
166	9370
388	3217
837	13749
7034	1015
707	28562
49	44511
294	9616
1081	12321
16	44234
3289	2552
5	23171
593	31646
193	60448
112	9900
225	7259
85	5754
547	13172
72	40694
708	2167
104	13958
155	4383
248	39447
4	19291
901	6704
79	13717
171	233
551	17089
98	15824
1039	5557
925	13441
5522	709
110	3705
501	35501
342	2345
73	15788
299	3132
136	23250
415	7384
88	5213
93	24143
24	5665
815	12279
58	17424
6	11270
114	8280
111	29937
1142	2089
428	2364
331	8930
342	21252
219	28225
512	5307
7378	1679
17	60
57	6129
67	45920
70	3848
508	2339
99	11320
39	6919
702	19139
293	38292
96	4665
4	9118
520	2274
96	36805
563	12997
287	905
101	3714
416	1915
1710	435
112	5079
516	3435
222	7467
63	55733
24	11115
65535	30000
966	1812
64	17690
2	18138
428	16179
1021	7333
68	328
644	7978
43	15475
49	8694
17	16692
195	73
2543	253
73	6880
368	535
409	14108
63	49286
99	12442
217	29725
318	8502
650	4391
104	14573
356	5958
495	2115
315	5419
366	6429
130	34613
3410	6150
604	9557
579	20322
364	5131
940	23341
16	32406
254	38766
142	22789
9	29057
338	24283
275	3088
66	41931
21	23159
179	12687
19	7113
242	8507
18	8664
295	6495
402	25894
27	41438
108	3000
246	27819
334	4988
2093	985
36	227
7	14497
916	921
50	24611
327	18468
311	51659
170	16730
163	13928
33	11592
257	47049
474	12288
77	7125
639	10845
622	786
57	30419
921	8306
238	22875
78	63191
245	4345
255	33520
243	17402
33	101
63734	63
2104	3206
186	17240
71	10436
229	46259
126	8475
331	6231
26	6076
19	26702
1235	3353
85	4848
1626	2195
10	4747
5	15587
212	34942
43	57248
2831	381
192	40614
550	25393
24	6303
520	2928
3916	2347
112	9073
201	31671
386	9931
145	34471
91	45563
80	43626
3892	1251
369	7145
32	19441
117	17000
452	13377
21	12071
43	17098
1004	4815
120	9999
57	12164
254	7869
280	30704
182	23264
151	6412
18	706
274	37255
29	28719
176	21981
3	27093
38	6806
92	54873
665	1986
196	17778
29	6543
386	38000
30	25342
62	34816
332	24494
171	55560
23	12178
2475	5649
2421	46
28	1744
97	1023
2885	629
532	131
111	18482
403	39981
8109	236
329	10586
54	40116
106	32623
308	5462
1127	2279
2326	598
32	24171
94	50218
7715	237
124	18294
363	8108
459	15611
303	16113
35	15291
56	47164
261	33639
220	7247
25	7815
980	7409
278	6576
159	34243
49	33644
3	53651
656	19136
482	7654
55	32669
575	14124
23	20406
176	16010
486	44723
210	29249
416	29690
1276	1946
194	10688
170	10579
257	7324
296	3332
379	4521
157	32901
76	32117
809	597
2726	1717
347	5942
214	24144
13	2182
472	25359
248	13328
740	13486
45	12354
2306	694
356	7641
39	37026
37	29916
101	19116
579	3776
133	23804
65	5372
275	4271
293	9219
394	27130
62	15436
93	37568
285	22540
214	19537
327	1355
22	918
900	4900
43	26471
641	22344
1733	2716
127	56842
1513	1916
398	20686
608	33329
328	41626
15	5553
12525	552
210	17193
143	1835
143	8763
238	9397
330	59917
474	50975
333	6094
635	13689
1376	10663
82	33345
339	44940
45	10969
48	29464
235	23955
58	33368
3976	1040
117	42218
323	47179
279	41930
1270	2172
488	8903
123	10195
217	23870
19	55215
210	31010
6	46363
4	24876
1650	12472
9989	333
308	51766
45	21888
139	19125
314	56951
22	43871
749	5463
461	23014
9	41918
526	11806
5408	2715
28	24780
836	2084
305	79
0	21348
160	3535
782	2611
120	25890
242	8092
84	9692
1501	3675
128	13684
419	5577
547	9135
246	4704
385	18181
68	9083
431	94
275	1237
70	16489
1492	3370
373	15336
52	35011
3863	1340
389	7560
14	11092
3422	1743
195	12636
319	40909
311	9808
877	27191
1012	10326
20	5968
163	10649
43	16644
128	21745
937	12555
749	2844
50	25106
295	912
73	14676
4128	589
2891	1635
15210	723
238	29310
214	11002
2405	5031
23	25138
140	24380
154	30172
473	28444
415	47090
26234	606
35	34217
96	3532
807	7676
10	10292
259	12773
186	6855
39	3560
1678	7592
3	13722
211	62420
97	3142
176	16931
362	1778
94	12216
972	2354
82	8185
51	759
292	2672
462	9217
377	11851
913	2697
698	10347
391	10984
204	3323
299	15871
272	16317
326	39455
245	41664
1417	3677
165	218
460	1286
57	6120
258	19221
322	20209
274	57661
36	35138
103	49256
348	9571
40	15507
155	7752
1124	11375
23	13000
75	38378
40	9855
243	830
292	4183
1736	4199
551	12479
29	22126
374	29243
1	40249
955	6036
52	1854
791	4192
150	13960
42	18986
1129	7149
2207	2430
135	35645
99	44535
196	48411
17	55423
179	48734
442	9274
15	40306
504	7069
214	4597
329	12944
104	4188
104	7679
195	225
699	4613
377	579
11	2253
281	3219
207	37200
3	1882
23	35529
0	10077
69	2265
337	7850
274	26902
240	35988
145	7239
348	24031
550	2182
77	10771
0	13183
13	42136
813	9177
192	9740
276	2071
269	35508
107	17660
286	3938
2	31435
2662	628
316	10862
558	13321
81	7403
157	24021
751	9283
358	8023
112	2775
514	2595
14299	59
229	1588
133	61677
7	16826
65535	56055
2847	7511
825	595
2930	2186
37836	8
93	22915
189	6696
63	17580
1493	5726
94	6846
125	11472
172	12251
350	25787
3979	1426
362	1063
366	7401
41	6202
264	38279
1770	4773
591	19955
88	5543
1005	5059
167	438
457	12157
206	1936
153	5826
127	17443
309	30055
496	25720
601	274
362	48307
104	17779
214	7635
6	16035
4	52447
67	12532
222	33387
510	13735
190	30485
77	33025
249	31447
9	13171
231	5854
838	5480
33	39268
224	38480
315	6070
25	15507
2320	8418
1096	12041
223	19456
2427	5832
85	9409
1136	1367
129	39319
26	6970
38	825
322	4330
51	30514
2908	9445
39	4209
236	30305
199	4588
213	2883
3	8821
235	4941
193	24073
93	50334
151	20042
133	18117
172	36941
246	9406
40	20848
152	11537
2924	767
9	26894
1306	17949
634	2624
392	783
432	44631
109	44626
206	46410
100	14975
1370	2813
344	40830
95	7001
14	5368
176	358
223	30244
562	19176
3	6565
4629	1993
354	17045
350	38104
5428	447
274	13714
324	23097
15	13210
605	21478
289	34154
134	40243
431	8888
505	3963
21	14417
54	4053
22	5734
0	360
249	29156
391	1630
372	1956
266	56166
228	58608
108	2003
774	31877
44	43256
133	2744
199	3749
322	18173
820	12586
2839	6641
1334	1025
62	20839
378	20022
164	34285
330	16218
532	19870
4	16068
2720	2304
2	1526
94	279
76	1291
8815	863
594	13172
108	10696
211	31642
533	4532
172	3911
90	57827
170	4061
934	5915
274	17825
35129	7
167	22438
108	30162
888	24998
416	33238
14582	801
70	30334
285	5968
36	40386
373	18526
425	23285
560	3710
169	4894
23	9973
2513	3047
52	7846
780	110
28	25256
110	43871
132	9727
54	674
492	9091
157	9143
1242	4375
775	17363
119	2769
262	36893
31	32517
995	17476
0	18864
422	44542
142	31624
676	6647
8407	1437
95	2116
1328	2228
33	26495
16	23549
503	11947
73	8700
400	53072
838	8333
196	21752
265	10350
250	42159
138	33401
610	43018
1	39973
2604	724
149	14478
3087	318
30981	49
700	10682
17	16232
320	8794
89	35966
463	3757
69	30956
505	9590
133	6778
379	9882
452	16990
497	2131
17	28812
349	1657
283	46865
40	13428
19	43469
391	20472
315	16256
6	32414
12633	611
127	22768
6823	1112
350	2946
192	37850
502	26177
101	14763
390	5235
447	26785
892	3008
163	3717
241	9629
329	53814
340	17310
175	45248
1376	2034
1579	4659
418	21756
18	27602
708	25779
380	40882
8	9026
3	24568
12	4247
41	42463
25	14842
175	21791
216	18406
131	20995
124	27528
316	15308
81	40867
2674	1081
482	5097
84	30709
482	17678
3685	1883
1477	4987
259	1387
86	25368
1941	978
175	21661
20	6957
136	7542
325	2414
599	10765
109	18084
419	7335
686	392
5	3094
131	13425
93	33283
63	2613
31	19699
102	857
458	8652
375	28093
435	16633
649	7971
122	12833
62	31296
49	52894
1007	7157
335	18133
178	35715
460	36835
186	20940
999	1295
170	36539
16	54136
10284	912
8698	583
2550	214
536	27734
2790	1474
168	18390
10	6297
188	3444
138	3294
165	36779
522	8575
168	51272
663	32386
2024	2249
914	707
145	3613
168	38418
317	12198
95	22096
69	3652
30	8092
401	4095
742	4111
7	1572
544	8532
7	7651
161	23425
792	8964
718	30000
680	8432
147	6059
261	24986
21	16291
357	4537
568	31308
20	20319
2271	7945
169	8788
872	1439
237	26245
463	14155
81	2437
2724	542
700	1729
1431	3010
32	4062
1315	13366
54	1255
2018	9234
248	37516
1384	9271
205	11936
515	21554
12	4824
226	4038
46	18818
41	4863
128	38715
427	7343
21	26508
684	12827
22	30431
6524	2120
200	54220
82	2908
1193	429
0	10233
3	27721
107	41347
72	7605
979	1500
79	19643
85	59942
223	35477
558	8371
8	30912
88	13241
96	14954
24	33010
141	28397
579	13960
108	3573
70	44164
58	1516
148	44950
19	32119
187	24462
757	6309
10832	609
64	29965
22	24069
1247	16089
302	27434
183	13417
61	5297
143	5665
27	52592
818	8060
382	14936
1191	840
21	782
444	3660
176	26707
12	19931
155	39931
177	53241
648	26181
252	24643
227	5078
198	30412
15	17742
57	3924
13393	198
230	40933
8	5722
206	28528
69	6894
18	29943
25883	229
176	21392
123	8768
14	32189
406	42936
679	4190
340	48443
24	38054
146	27914
1107	1334
4	30493
211	2892
236	4508
159	27093
168	2298
236	8538
259	3632
848	4987
82	19474
61	42179
212	5473
428	5652
636	41704
124	22758
495	29190
37	7579
962	8562
153	2780
105	553
34	35083
478	6360
272	37104
6	13280
155	43960
36	26973
93	14724
270	26863
113	11247
64	4763
1307	137
114	6834
735	5040
674	4800
43	11626
179	11978
397	1860
97	34757
31608	463
969	20572
49	13324
732	14014
41	38864
0	20118
1283	14701
5	9918
3034	1250
89	33083
30	21307
1082	238
105	38840
91	3322
429	20482
444	19908
5	7915
127	24022
13	48526
122	9292
51	37565
348	32050
494	12240
688	7152
276	34760
31	6256
251	29606
39	16147
574	37210
291	2039
546	21769
794	14230
454	3454
59	16153
69	7142
1380	13771
4656	692
34	22817
23	39178
119	9966
95	6360
33	3540
28	28388
22	31759
40	1423
10	21125
115	14679
465	1360
78	7112
3244	745
843	3171
235	46234
171	25650
500	19136
5	1320
22	22499
65	12094
702	14474
1598	2734
37	53544
398	42370
530	44424
160	1285
303	5813
5	32129
2426	2517
290	29239
480	28613
80	24726
410	36834
376	1222
318	9289
1124	12534
1179	857
126	5960
292	24749
848	2189
201	3264
115	19584
1066	3736
25	1781
52	22508
97	16560
73	20883
550	527
90	6182
573	6040
497	28107
2008	227
164	11337
275	30777
1036	9844
0	3175
273	13721
75	45873
278	8171
567	33870
285	3219
52	17559
381	4344
529	4914
13	53105
44	7272
7	9728
660	7998
7014	1803
34	5019
235	19886
315	14676
223	29265
107	1250
107	29225
1289	3675
231	2998
23	8584
80	516
3051	571
507	13235
4	20057
22	9105
419	4217
42	23442
14	8340
384	8466
844	25812
29	39359
280	1656
90	18653
130	2930
0	1094
6	29111
795	1623
1639	2923
85	27183
104	15433
72	10826
167	26599
294	33317
897	14856
15582	68
243	2258
112	18573
530	9741
3326	22
374	5407
1142	468
730	9247
694	1464
332	38602
8	17105
754	12258
306	497
114	3681
363	11568
2	29591
1659	1225
147	24704
244	5586
788	4436
8	10200
138	39877
371	1448
80	36990
33	5028
2064	8103
27760	16
168	56084
97	6853
377	10138
41	38666
389	10
2727	1563
1232	708
13	34677
3577	679
526	7587
153	2741
118	32498
27	33162
1	31999
401	46767
17	16223
296	18906
353	5407
107	18813
170	41911
51	41803
451	1393
31	21973
302	2206
357	45562
778	7873
1048	5660
104	15318
1410	1735
284	33941
528	4787
55	37999
1264	6913
1364	1467
15	44932
881	20696
28	49503
105	14723
905	2793
538	2618
130	26125
1839	878
140	46662
33	5453
1750	2699
1062	665
22	2745
343	9063
299	10924
1569	223
972	8747
67	21231
119	7268
250	1161
482	28095
437	14033
2622	1527
62	6338
168	8722
276	14799
606	4961
920	17438
54	5538
1778	3008
16	24576
146	9918
51	52892
5	8968
458	827
90	19524
174	28225
334	7422
166	9592
167	29180
1493	6671
334	5682
12	19026
39	15181
0	32168
27891	605
86	1223
26	22949
354	6103
861	4167
346	309
917	10576
41	12586
1541	4411
1154	6629
302	8093
91	37564
350	20823
8	41841
2365	8
133	2274
104	4023
199	11936
304	1661
345	24370
164	2937
275	32240
467	39002
944	2841
365	1237
1272	6627
161	9722
271	885
129	18195
653	20118
2039	2087
224	3266
285	15397
76	2146
6	12767
661	22972
722	5565
531	29208
388	11639
106	21668
9	9645
190	10722
255	7855
208	12321
198	8434
132	20239
1047	25108
53976	202
67	36786
2548	5257
16	5971
7	29518
720	6388
56	42371
184	49644
156	24455
44	20313
811	12355
32	4638
511	16481
174	24686
290	21567
96	39239
85	16025
53	42682
552	189
96	7860
554	17564
540	117
460	35259
42	37334
563	1667
186	1528
190	12128
347	2260
1748	2898
208	22426
29	27709
112	25001
15	17340
900	4516
63	27831
639	3585
192	28988
28	9635
128	30316
595	7634
127	48028
237	1050
171	40340
26	9326
137	26811
173	44782
125	18318
164	26437
495	15437
366	11944
6	15746
196	19560
574	3050
403	14391
175	27122
13	31277
220	21403
806	15499
53	33398
79	47845
11349	1616
2379	1847
1508	5587
113	34781
967	115
488	20088
3	61880
493	3801
670	30229
133	22253
59	10245
433	21823
50	31926
2538	8772
1184	6255
744	10886
22	19433
102	60408
95	21159
504	12184
125	6072
140	1913
722	12175
305	45860
1746	15265
13	24852
54	25818
31	35210
252	7614
161	33472
70	52816
11	52089
438	9270
114	21580
79	5411
320	7331
63	28338
46	13591
390	26663
284	40136
113	1780
272	8291
332	13808
40	38220
935	597
69	10971
415	8679
47	59305
231	34364
535	14822
943	2896
78	12700
568	7857
237	46797
597	10414
5	7533
878	2045
203	25373
4814	133
865	2998
53	26574
23	5243
64	36232
190	7294
147	9775
2294	2965
52	23733
197	4912
624	927
180	58014
257	11113
11	12202
524	2200
41	35896
14	3572
526	2918
169	8634
2888	1524
192	13926
38	38548
144	2765
100	3631
163	44512
217	2309
415	6260
214	23619
699	8614
466	35736
81	8497
317	5087
85	29142
6	8220
17	10626
130	58173
1386	5141
1	32144
627	27291
119	17436
3386	2842
664	5977
173	2133
132	9411
88	2339
27	1661
695	3628
214	26138
34	9619
183	7263
75	11285
2017	2038
645	9755
663	10294
222	52842
166	5685
152	7140
791	18220
175	26251
460	22178
5	10548
130	2797
98	15489
488	31140
19	44309
184	21604
3	5388
468	44401
425	12049
445	14254
501	8254
198	8774
58	48784
222	29400
368	168
69	11020
53	3327
164	6117
861	7650
1283	10221
216	5179
219	21057
59	6757
170	34481
16	14709
60	10494
45	8396
1141	19360
96	30774
40	6365
161	17257
37	42281
34	56608
242	18553
414	29651
344	48352
690	16078
451	12563
379	4738
76	25736
489	32133
250	1168
786	9205
176	19431
96	3754
44	9339
4738	4161
94	19277
91	4133
685	9494
1167	2433
11	10264
520	14873
39	26985
678	18930
183	39403
418	11080
104	47723
128	20923
411	3448
26	10782
9	41210
250	10016
99	32974
3324	2869
258	284
168	11503
789	1111
12	45622
628	2672
818	14942
34	39502
5	489
110	4503
683	8828
73	43352
328	1318
192	8107
245	4271
20	22391
127	14035
189	52366
192	28019
26	48102
16	41016
52	24557
139	29678
180	1573
244	59341
928	7562
283	2337
268	3832
1191	7970
432	11355
84	55500
5	18212
198	23555
265	25912
210	26134
137	25807
173	47249
27	35099
779	14068
151	14625
1323	1655
834	10685
294	6481
115	17307
8	47097
2	22636
137	7874
219	1090
165	18446
105	14199
488	1485
269	10996
183	43040
311	23251
112	23538
441	2263
311	14317
253	36512
523	9864
169	36372
120	35645
695	1054
1665	3359
195	5057
13264	90
44	19376
6	6671
202	42875
7	6624
21	28557
392	12886
1185	145
5	6412
613	15252
0	48449
133	26513
69	43798
580	4425
581	24385
90	51333
178	1578
827	2688
2035	3891
11	4887
3293	234
0	42136
100	13274
157	56127
206	11599
115	18778
28	11414
131	12391
363	15
167	4574
466	13345
44	40371
1134	3855
415	49024
377	29265
204	14866
5	19094
158	53090
8	32407
422	16850
1171	2972
143	11652
2	15757
184	13321
3603	1772
14	4012
932	1903
95	22295
286	3954
605	12297
88	21503
324	21976
711	3907
104	6896
2311	2149
214	1926
458	39635
944	7846
386	3706
1142	6751
533	545
27	4101
57	5120
414	28025
568	16324
101	601
44	6240
893	9762
462	2214
584	18264
15	56725
452	2797
8	18735
359	14594
160	37484
410	12623
246	34354
293	42316
502	47282
315	111
160	36570
262	7897
651	807
700	9160
97	19852
257	27807
1091	2663
3156	2802
21	4307
337	3584
101	21265
89	34104
25	58285
1040	23088
20397	431
179	32031
171	926
647	22529
157	7371
680	11332
35	50587
11	4424
216	458
326	11139
34	36136
2407	3467
148	6052
373	7272
288	23469
1308	1076
8	8798
410	40553
487	20090
312	2985
11228	1086
1630	7763
148	42812
2	22061
353	6641
260	8643
17	7834
494	2918
160	26498
2058	3068
470	21732
702	4585
44	61355
158	10354
655	25574
133	28303
355	22084
11	19687
2031	5049
13	38329
25	5825
1868	914
25	10651
8	52318
6	4739
713	4819
252	1136
386	2684
62	8372
49	6286
33	37476
431	7557
120	1475
28	1420
167	13985
1	18037
59	30683
37	50298
2685	3004
124	11066
267	24491
268	26466
736	11406
44	33554
58	731
512	5121
928	4189
96	6294
497	35271
1058	2641
39	31847
95	30521
696	11675
42	16519
64	30325
100	4186
12	38060
92	24968
53	12054
926	438
10	16689
41	18904
890	11957
212	40188
345	24659
226	23377
21	8003
13600	263
103	37997
543	10337
1219	10363
271	48092
277	5508
49	25894
91	31351
904	7619
97	21529
240	5555
182	29445
318	7964
422	29224
74	910
2089	3112
0	7411
38	40869
230	15266
408	41396
197	35946
2	37436
146	9087
1029	18002
315	13315
19	5872
157	1286
447	24633
550	2143
533	675
10	8702
21	13213
493	470
155	15632
10	28447
248	7425
1151	733
187	1781
207	28284
9128	864
16	6943
478	1520
476	5917
260	16633
39	11935
260	7749
55	17052
91	48060
689	8801
113	26882
115	1457
41	2327
72	21900
1502	4957
572	14072
970	880
382	53099
8267	166
112	10550
97	37167
23	14628
560	9715
24052	88
27	22509
122	22074
12	5444
171	16985
479	21737
12	11853
45	25627
17	21090
392	44708
784	5695
54	202
36	13633
273	21376
35	61675
82	12458
594	171
1067	3511
114	7372
2290	8097
28	27772
356	49446
1324	1818
8	15960
73	37558
50	16760
47	9317
10	2243
433	42417
133	25502
5577	407
18	16796
31371	105
93	10983
39	6390
9	34156
195	14019
465	3571
35	0
48	26386
454	4020
504	8281
135	11216
32	16494
19	27224
480	1850
281	4893
196	15382
56	5301
72	47026
2801	3067
17	6662
469	26895
1083	668
1438	1151
155	41950
30	9463
1546	4500
68	34422
60	11283
3351	3295
406	32019
17	4814
469	31424
67	40292
195	5431
43	36002
259	42322
513	11425
95	18333
182	27978
43	6951
729	10396
125	36668
1	13280
270	23919
44	7787
769	14274
364	37897
24	53760
54	15103
95	13740
88	7306
798	2544
4	308
15	32388
365	39974
191	22272
39	32204
47	23618
975	10004
20197	275
2909	1082
127	39933
164	18272
1705	9148
195	36114
640	3263
75	23396
197	40755
83	9645
3570	6833
284	6565
32	2041
388	2627
300	3316
2	38528
2551	4983
114	46285
652	2233
92	5663
823	1336
327	44409
205	8292
0	26484
44	30
20	48266
56	19064
327	42909
64	2904
544	24882
147	26561
154	27717
18	17875
208	43653
273	7115
798	8644
99	32256
402	27272
686	24550
8	20649
74	28636
204	36477
231	23037
495	5071
207	8651
83	5593
301	378
1196	590
550	25663
373	37957
208	11402
461	12980
130	5568
39	35321
308	24280
11	26139
216	6676
522	14816
536	16984
374	5152
1	47762
48	12749
305	22240
135	9330
1619	3879
253	2214
107	51438
322	6547
211	33741
51	40962
99	20151
355	36795
1840	3607
189	47319
941	14689
18	7812
361	41438
710	23882
233	20806
6039	497
189	10926
532	16132
588	6895
92	5203
139	35703
221	34189
160	16356
67	8527
45	7993
330	19857
196	6863
431	31542
5	39603
491	32822
76	3594
1165	1288
44	15764
775	5409
972	11692
12	44306
76	11674
65	16894
514	12460
31	22736
92	29204
59	46304
25	38329
111	21180
84	17784
233	24489
819	24128
113	58835
520	42519
50	9633
65535	51697
283	30229
2	44075
0	15164
277	33968
895	3835
71	43142
2502	2265
476	12338
427	747
8	12545
945	9993
248	11379
249	20783
18	5939
23	20232
572	6645
131	33488
237	27289
211	12611
168	13269
128	11966
67	8456
80	19537
4	4661
299	42779
27	45882
103	38936
394	15660
8	10949
61	1264
11	55019
310	2426
194	5387
605	3604
251	1313
4348	682
2289	4359
926	2973
760	20815
15	17523
25	15428
1413	1484
104	13020
75	15333
157	26666
54	4699
300	5558
263	21194
89	12243
14	9419
338	10587
20	30047
110	43313
9254	2139
3269	753
55035	13
975	3113
84	22303
53	55606
210	55683
15	12487
65	3823
55	1035
459	2882
370	26750
15	41922
89	21914
551	11244
48	34232
290	14875
4	2690
231	17033
97	62698
364	31092
36	29590
12661	1037
400	25180
90	26500
6	8313
174	14057
229	12435
9064	2289
35	1247
1568	6511
1667	2017
306	9361
414	4987
224	2308
211	4579
435	9859
205	33424
336	23783
146	3055
402	3817
119	40934
384	13750
143	2734
73	34074
2149	4628
513	11445
164	12503
17	14076
100	16927
82	63545
118	12372
906	3744
164	32407
2485	1239
34	50191
4	1751
443	971
20	26352
203	33664
741	149
474	15889
1332	701
401	26024
142	21359
1535	9404
242	17416
552	5956
184	2472
92	24984
495	10128
232	757
968	4793
6	4579
169	6719
269	30420
107	5745
86	33573
37	47479
0	51951
52	24925
398	13642
452	21557
117	22136
80	4398
200	5525
161	1186
24	341
105	27396
44	8911
670	19038
228	27590
906	16415
205	25647
1638	4958
1546	7825
346	22637
454	5360
14802	123
7	24649
152	44739
333	26762
443	8885
71	32091
8	11677
262	3292
259	15076
251	39979
1632	3292
203	15373
134	27522
3	31032
249	48490
0	6833
368	19549
66	4702
37	46948
107	6079
4878	348
610	4913
175	12892
200	10536
792	4608
119	27645
257	5201
1050	5446
204	12047
785	17296
3	13900
260	662
8	31499
294	2892
496	8078
405	24964
212	22563
476	15922
245	1167
603	304
813	4094
362	960
236	8899
21	18087
97	21487
98	29310
257	452
343	5698
313	35501
896	4380
20	26891
5074	322
456	17682
1121	5500
338	59975
143	10314
206	2947
2235	703
142	35054
137	4662
56	33725
5467	1040
1339	2920
5001	3206
880	4083
1291	9163
143	9095
280	3564
480	7864
59	38265
203	31294
1577	1446
536	290
129	30128
269	17086
799	12833
27	3030
1458	13331
1329	7662
161	925
333	26402
597	22531
345	25926
74	18255
155	45403
10111	102
463	33986
312	20449
298	19948
107	2656
42	9703
588	3832
262	9345
1296	8138
340	24233
533	10738
1169	852
656	4589
28773	6
127	44093
7141	685
318	4078
65	35086
1190	2047
90	39673
2514	244
1254	3357
373	8828
230	29
1156	2742
13	23034
275	5270
29	2249
1871	1021
41	43872
86	2308
367	2361
90	26688
1038	6679
755	122
787	13857
1063	79
1107	3039
11	16024
208	6052
10	52296
184	7582
274	6689
20	6544
1270	4807
50	4212
782	24180
43	13615
316	33946
565	5843
574	11561
111	12701
310	1229
486	1056
96	39306
22	10700
1029	21128
370	14951
527	6747
5109	739
83	14739
65535	11780
1512	2863
322	46050
48	9144
7	59758
49	9016
85	29473
296	8890
706	1349
23	18390
288	56998
681	20964
1701	7517
1	39660
512	11203
237	26189
41	39726
184	3334
57	29110
138	4013
245	7691
279	2196
5	44171
615	19955
691	4535
9755	367
428	4083
472	21969
511	13966
499	10431
692	2636
6394	3406
154	879
34	9354
69	4110
534	3561
66	24057
2434	2086
89	16329
289	1957
124	4874
536	39248
195	21875
536	20013
927	22448
178	42814
198	3932
463	17641
103	18695
288	18590
123	11103
186	574
52	35243
122	42321
305	37930
60	37248
134	30100
85	12292
192	41092
91	29521
68	2471
494	6478
870	7110
131	10805
1313	877
1098	13762
3072	2673
0	12308
203	2626
100	12146
12	13722
641	18746
3316	2061
38	21138
1125	6200
61	20482
15	8926
245	3186
36	22618
529	3862
744	125
418	11844
1484	1352
62	15710
772	5128
133	26752
52	26661
273	14466
64	21399
16	25892
4	34150
5	10976
565	8082
834	2897
16	29886
181	22146
163	16291
1431	5776
90	19080
93	7631
227	9091
779	6113
298	10154
10	21205
215	17491
281	10149
806	23548
210	17769
1739	209
380	47926
711	3980
222	20526
20	22060
119	33343
892	18954
362	10279
1	21590
453	34111
126	6251
65	26595
215	14868
15	13161
311	1081
53	11440
130	22933
105	28734
135	2809
134	1721
1048	6523
825	4523
137	19459
1205	14991
621	22033
28	2879
161	17737
233	113
6	172
232	15387
50	19600
37	3829
352	45513
338	16888
154	8303
1334	2239
28	3598
3	105
8	15517
255	29614
264	49661
47	27089
1772	7356
226	36946
371	5701
552	4367
1255	9311
348	9324
3	20071
746	16313
1030	27427
361	12686
2569	6809
153	20883
10	19912
1742	5261
1679	2494
26	7789
54	6063
289	51897
1134	18649
210	2620
19	7510
123	15940
45	2888
944	14507
1431	629
3	11061
364	7005
5	31105
82	3769
8	1277
1001	204
233	28444
4	15657
2	13341
466	36002
158	4289
138	30087
173	9018
84	6055
686	14620
545	2722
237	18884
440	14858
210	53192
3902	792
321	38763
319	29615
32	29267
25	23968
4	9216
435	11476
60	5315
630	1980
379	13629
82	35290
265	14934
680	33295
301	8661
69	29818
1509	5246
620	4873
1	40376
1391	4485
279	8287
312	6123
11	11891
55	20384
194	29851
487	10809
798	694
549	14184
307	15600
595	19479
226	13446
25	5379
163	1699
24	45632
41	7060
7309	3184
562	679
376	3155
203	6152
690	4046
294	14413
60	5075
636	9675
41	5044
23	8487
2396	5679
226	53513
7	5656
95	9607
582	25233
45	34403
68	33997
954	17496
22735	198
324	15896
37	25139
885	3381
252	11639
102	2899
61	27588
380	4422
81	2608
32	52830
1432	5795
8	18744
11	49757
915	1124
276	30332
152	6424
4	14754
120	21794
3300	2518
22	21871
41	22565
62	5100
275	36025
23	8498
24	14002
20	52669
139	8788
65	3767
2051	5
1713	2224
2	45880
129	18797
643	8946
97	20002
79	10445
674	4487
239	55022
157	33624
44	5022
315	17391
46	4850
508	25762
126	4984
14	8262
27	45720
431	28775
168	43606
824	5322
3734	3463
8	25235
255	27818
3254	1112
91	17404
80	1229
46	43887
255	35860
41	30915
50	3049
199	32490
2267	3026
65535	5261
273	20157
1316	2543
184	34100
7	18085
6	53372
272	27443
240	13228
31	11398
306	1663
266	11938
458	22405
8678	868
170	28330
283	3221
1807	4857
132	20460
481	3047
42	7868
16	6734
43	16572
192	24144
251	32067
38	15455
215	9980
637	14856
547	34252
1	43239
63	4042
193	23678
150	29913
226	31838
260	16642
393	11714
109	11024
383	17687
160	16604
88	2533
125	9387
417	29007
1039	8939
65535	27235
1216	2441
520	12421
555	901
108	18683
579	6268
170	10587
754	31247
53	25921
13	40236
72	3002
148	17473
78	348
177	22555
164	7130
595	2864
37	27993
100	8322
510	18157
7	26493
941	9927
259	19851
329	44204
319	11964
523	9062
142	7468
2110	1358
789	3190
304	20987
145	4650
139	23003
127	10181
145	33520
20	10555
109	50249
1299	4234
154	2388
18	33295
5	42380
12	26022
46	23400
576	2862
603	12333
85	75
154	37897
107	40190
854	2559
407	24084
1084	11654
35	6413
30	15763
123	34123
21	20728
199	9259
1119	6618
782	1879
358	10961
135	11375
310	51387
749	3537
266	23778
15	11346
35	15698
267	6424
77	36433
89	55364
4	198
672	30355
22	26476
4400	1760
380	12665
128	3194
61	20099
60	41425
97	45594
103	34473
410	4477
225	5315
63	40684
124	4280
157	1984
313	15107
66	25784
167	17410
240	12011
481	53490
694	12201
207	32153
304	24876
87	4217
1484	762
457	13637
2233	8381
492	51929
13938	835
706	1994
258	9244
246	7593
2223	720
102	18537
666	19969
826	16008
122	3484
168	5681
857	14155
51	15347
754	4192
77	44906
105	30906
232	32286
542	19327
343	9234
1872	592
300	3654
58	3128
146	5857
384	11519
261	4977
973	13032
168	25079
114	22740
772	3535
498	25530
161	58669
71	18949
49	26025
1472	16398
482	27459
597	9467
601	29758
1828	8798
263	3252
33	43942
97	3960
41	47775
459	9157
141	2617
38	5918
149	6586
27	1986
1555	2557
65	16846
1756	323
268	6529
798	2512
108	25274
173	30738
377	47341
30	33763
215	36589
376	6484
190	16886
242	25276
128	50326
357	38496
511	187
162	38018
52	44899
5	46785
30	20305
910	21885
48	30174
280	34004
11	33553
1476	1827
3004	1973
14	30519
544	32187
397	10037
276	39449
786	9616
112	38680
15	9199
13	8757
378	24015
141	3085
2939	232
1668	5695
381	8911
746	18975
159	51346
315	40164
6854	1609
73	9985
962	702
8477	1256
706	18670
48	61474
1343	251
83	37382
261	4628
116	13192
760	4574
4	21590
80	22317
461	15544
61	37388
2377	5756
304	1355
139	3137
474	7917
275	9715
1810	2175
55	42833
42	9763
19	30393
1729	2508
170	18979
184	12984
724	2197
78	15960
365	26471
83	38628
493	2270
601	28113
26	5420
402	10270
318	6985
438	10059
432	8629
113	29175
471	11641
423	6466
45	46956
93	16925
668	2238
179	23727
274	45060
19	21144
13120	687
2045	2170
8800	1051
154	10874
137	22950
720	3389
174	30411
96	3079
103	32960
349	12768
18	53894
162	22373
580	6318
69	20516
484	3287
242	12652
1058	7350
320	2724
424	27903
5	13637
937	18014
235	13998
78	21170
731	277
170	25800
250	37428
201	3246
96	1782
13	20696
757	18958
304	12129
101	38527
19	32612
125	16641
312	46081
94	4652
71	40647
781	5835
20	29650
198	39635
91	31255
140	610
20	29871
129	14628
523	13711
73	33725
413	23293
162	12117
6384	711
73	44145
16	25674
69	18432
38	3625
301	2799
285	37223
33	53710
173	32022
5170	33
1599	3744
554	9419
111	17470
124	54237
20	5069
78	20414
200	16573
55	15421
1703	497
816	7941
419	14427
16	27607
24	30003
1343	6406
89	32713
207	31468
10	37757
501	568
583	9283
97	48969
2031	935
14622	747
161	3879
18	57923
36	19335
77	11168
185	16714
247	33776
17	13234
589	37776
2	1778
93	49926
342	17673
73	30511
878	12079
174	5243
5468	830
222	32671
631	3877
275	27115
98	4570
288	12726
33	22915
59	2301
106	8578
3058	2514
43	22088
120	4020
3150	5365
163	51334
33	27479
472	9859
397	4571
72	3055
934	10629
5761	671
511	14975
81	61470
178	48746
156	56050
149	14947
202	4263
40	33564
2206	969
114	2837
0	18179
328	8472
487	26911
304	21095
575	17752
375	18675
13	16024
8782	703
105	9155
23	9063
115	26415
11	3277
602	26142
7	33942
851	13799
580	5421
56	14943
63	8928
93	54831
612	12281
119	35876
146	7873
527	5402
310	4132
438	5314
19	20290
98	12576
65	31012
365	2981
211	9443
14	26305
1055	5720
58	25221
377	41791
296	9527
577	1646
74	1097
3426	3303
250	14375
2900	1552
598	15386
399	6477
256	713
176	31056
20	8858
117	186
2190	3459
423	6770
83	12630
10	1407
1501	3584
563	338
14	914
94	9848
239	26605
14	3650
507	8255
63	16883
367	11987
448	11460
1178	5152
47	8107
3354	57
62	38248
66	11619
330	4200
704	4124
1436	3152
26935	581
380	5822
134	4918
2571	2126
1356	3206
19	14946
39	1892
41	5395
191	6037
223	2414
1551	7248
266	15205
5	41458
193	6717
155	45801
222	3762
316	21003
191	31412
150	1087
318	18281
368	6776
4	5332
301	28123
178	1398
1168	2305
1529	11944
778	5352
3077	266
365	25950
9	23031
228	25958
688	5905
11	608
39	32762
12	1211
152	7547
31	36706
28	24301
776	18585
350	10721
704	1948
911	22239
385	36628
72	32911
263	561
176	22780
320	3896
10	57728
5	17247
198	23991
41	29036
64	12567
327	8512
419	22199
233	3640
514	39798
274	34
77	10101
425	39003
447	3724
123	10765
393	9475
1008	10331
260	13390
187	15515
309	17659
34	16830
53	2202
57	23454
4	19102
20	15308
119	20770
34	42961
63	47222
20	7887
3	34845
89	15012
5698	1002
386	42647
64	18533
1	4097
7	44290
27	1061
208	16557
11	6988
132	49595
617	30332
110	11049
13	10
1342	12708
2569	1646
149	41582
27	11053
300	1139
128	8997
141	48261
1097	3416
14	535
179	23272
1657	4240
263	13885
12	2812
729	3389
82	990
860	1601
10	38620
465	33602
129	10608
294	504
564	32076
789	14200
43318	261
894	13827
617	3260
65	2248
365	3928
177	30344
123	12688
112	7604
24	33323
22	16789
186	29214
240	13260
30	13374
59	10736
266	47475
140	34966
2085	1650
252	38047
17	21470
104	6474
497	8290
175	10513
42	9244
1224	1365
12	655
111	27821
197	40278
343	4504
38	17518
412	10262
48	56005
617	31130
255	15614
221	3862
280	13501
145	37756
1807	1342
123	46513
132	12684
31	32386
9	25779
0	26282
228	9062
38	31143
257	1417
776	1458
234	2941
729	10163
161	17896
138	10136
3015	3492
80	36145
99	8704
196	43468
285	9007
148	4183
266	33649
357	34410
19	1287
855	5094
1102	5290
5	3925
2	5109
58	13818
1702	3239
392	23936
625	17921
545	4461
25	19369
226	18639
495	679
21	11816
189	9526
1788	1104
78	4647
3721	2798
5	3747
406	31212
60	1503
736	2291
2264	3185
120	17612
225	37923
0	3560
114	10838
103	38256
326	13713
331	9584
2	24422
227	27287
0	37474
248	19445
369	24548
184	18913
163	4990
132	8349
18	2934
13	6584
586	551
521	11920
4461	417
166	55896
121	19124
424	1479
4798	2358
198	42205
169	44669
71	17278
57	35060
159	12713
180	45066
5	12022
278	23839
276	47653
507	31959
150	11031
28	6252
47	6865
660	14001
0	36920
11	30175
970	4889
1223	9461
147	6709
936	9791
109	5114
75	28928
16	16168
128	26976
362	41524
149	10935
71	10925
100	31985
114	20807
49	3827
288	22414
5824	1483
364	2753
163	23563
294	1021
12	35682
1286	101
491	2190
74	12567
903	15358
63	5038
576	22336
72	11122
38	41191
345	14825
7	24068
3706	144
908	19733
94	2818
408	2469
640	3749
2163	1983
595	22534
2184	2155
2	25560
185	30654
204	49
357	9061
334	11503
163	2818
163	17724
134	42467
192	18814
936	5151
25	40377
0	23629
1928	7154
202	4191
692	1186
113	25049
1298	6773
8	32013
22	21031
6058	1091
15206	505
28	27069
120	12735
225	19771
607	33909
501	26538
369	911
223	24966
283	5928
72	44658
264	7477
548	34027
31	26170
737	16500
25	25906
141	52175
36962	349
387	18798
1083	5626
60	3901
14	35518
195	28899
487	21355
14	15540
344	32843
34	9357
199	3797
196	32805
29	36512
26	20953
23	33893
104	8934
141	26970
143	2937
2755	5048
1634	1348
537	7141
602	27532
371	1690
481	7940
90	16512
488	1720
24	32960
591	14884
506	4911
90	2633
185	610
30	26156
233	21875
211	3321
6	3069
53	21249
71	25858
7	17134
464	4091
286	11518
414	20478
439	27440
208	2374
113	18332
7	13080
549	16349
243	3586
427	15050
90	37396
622	1150
1278	1441
893	16625
111	36590
168	2116
608	4665
2	15960
24	1491
296	35173
40	10185
493	9764
23	51820
218	30423
540	10569
84	3792
320	14388
633	3198
259	8556
558	21226
101	8700
302	13574
18	9959
130	43351
116	10782
201	227
499	2011
46	4854
1009	10467
943	7235
332	42499
665	1930
195	1899
205	19334
1636	954
273	37274
29	2274
341	3072
451	51755
6217	55
1424	251
177	31277
145	12004
105	13423
462	9464
1263	4026
57	48176
88	32944
360	41410
132	331
1226	3195
149	41068
13	54726
517	37526
37	9016
8	43489
360	52331
4225	1792
1097	1946
1276	4446
2376	2565
10	3674
2997	255
6801	2803
2934	5814
148	16126
354	24107
27	3272
429	7596
48	24408
68	41047
1127	16672
42097	382
246	24234
61	23827
508	3930
1966	2500
2204	649
924	3469
268	10218
646	17357
86	10341
48	24492
228	17805
139	10075
130	11502
45	3644
164	32124
126	25512
30	658
455	1257
23	6678
255	12266
105	22714
24	11797
762	22094
417	16404
46	26020
0	6410
136	18081
40	12384
11	51419
20	12130
431	17311
65	39252
137	12164
242	3339
529	25895
187	9901
692	2342
718	1963
477	20735
84	51766
9	3595
36	50029
1084	8792
247	9149
69	18148
2	28718
379	1880
1043	564
54	10972
2433	4437
104	5506
34	3366
254	8572
591	23216
136	3544
132	33874
717	7624
686	20555
734	4010
576	26956
109	559
30	49365
430	411
5	2443
20	14463
886	553
928	1259
47	30553
774	3060
599	3123
55	57129
1675	153
1311	1483
81	50230
37	3912
85	13803
88	32443
67	16863
7	15080
6740	1337
394	27979
7	1215
53	5301
442	21833
842	29914
346	13474
67	8778
125	9010
92	18565
169	365
24	2866
309	19005
194	50518
135	18448
35	151
3567	921
339	31124
233	8282
720	18766
178	10538
21	12137
330	604
322	2782
42	26359
144	8105
40	5236
558	37127
29	6168
272	51123
476	8517
38	32526
1087	4183
23	20636
72	15506
30	32337
138	22926
365	19478
333	19046
559	42
504	24671
89	16195
1246	389
526	23492
8	3018
334	4678
38	42247
499	10032
50	3606
10167	299
586	4710
279	32756
11	17525
2242	4099
76	27096
439	24320
530	3643
72	764
456	4292
10	31507
210	3710
337	8303
8367	66
1307	969
1430	417
266	42519
174	34224
238	34624
18	25588
79	32769
368	20343
15347	1693
122	48775
418	6005
106	34475
72	35116
83	7999
324	22247
419	9253
19	21846
355	31843
7	13588
549	836
71	29551
24	32747
70	29061
316	19503
282	29026
67	35530
145	4452
197	4509
19	2127
30	9680
148	26790
369	6992
261	14407
193	10257
81	43373
568	30494
221	49490
77	44933
27	4850
114	3341
221	9073
47	30663
375	4867
85	9016
301	31896
57	22050
209	1873
104	21856
280	2785
85	1970
910	26478
822	1140
383	450
32	13705
139	8999
100	27571
215	14308
1240	4248
59	11300
65535	6638
89	36106
2441	2797
174	11422
30	12549
97	1354
521	27174
486	7201
126	39516
371	7650
172	24428
74	13077
4397	328
98	6539
226	6017
883	13243
6	23386
219	29067
188	39137
546	23543
3	16708
38	4326
123	29019
4173	899
12	33303
215	34537
164	5291
164	9032
334	11713
51	10720
1467	2808
770	17507
331	8403
364	2487
385	3341
74	46588
487	22218
51	35724
61	47537
157	2138
38	10970
172	3841
53	3566
37	10850
47	50514
493	10975
8584	867
7286	2026
854	5241
1174	6982
112	19914
43	5009
245	6272
1161	5453
6	10623
370	30604
378	35539
35	14692
423	30507
94	19122
191	10821
189	33494
265	2447
9	34702
736	8511
220	26619
275	1160
563	14939
280	20839
205	50573
150	7830
267	20411
130	1047
25	6952
29	4573
83	7628
290	5047
163	6905
2486	317
83	20626
86	45125
4357	1997
79	2880
18476	1153
267	17970
62	1187
557	4260
356	13556
102	12407
522	3325
121	6574
93	6594
248	44467
317	5812
475	4138
2	24794
1030	10729
4	38565
29	8309
15	4843
45	3865
863	5883
91	25070
484	37772
154	14508
633	426
13854	1072
1024	3484
38	11681
154	5402
305	27300
209	37494
78	14694
107	32038
13	27092
278	19296
447	2944
1731	2276
62	4820
283	6497
828	7720
130	2274
198	9248
17	13455
901	9912
375	48641
1053	35
378	646
7	7163
287	4284
374	1849
138	1504
232	1831
268	5043
263	859
256	13762
2467	3270
345	33455
981	4316
137	10570
840	26532
142	14085
303	12334
37	1194
225	9908
167	21574
172	27785
97	18828
426	3243
48	27784
2058	1854
8240	1302
144	3576
300	4683
1134	2485
291	9572
54	9380
8	44414
2	4322
166	12808
359	16
161	26226
1409	6538
495	30467
109	24479
715	11867
697	9484
389	40542
1725	2507
39	2224
227	3610
490	2827
1933	8298
43	26598
130	13662
246	20936
2	9064
250	29824
25	2702
182	17652
16	18558
171	52732
505	11149
80	19108
2915	2430
96	14971
118	2012
577	6495
419	2415
325	8079
397	24375
56	49970
10	18000
217	52412
803	2982
933	5340
112	13579
286	1932
5	1545
131	11405
61	940
890	5997
75	28803
222	902
23	3801
53	4110
109	1451
848	14828
13	4487
72	18851
198	46052
131	3183
96	13703
114	16486
71	25575
1681	323
78	20105
200	53385
352	7265
114	7272
44	4062
308	2215
150	23498
386	13715
27	9595
201	22454
331	16907
21	10270
31	13622
356	30068
685	8240
115	10585
418	5680
281	17576
409	2569
3042	1114
76	4286
143	35982
23	6432
832	3643
29	15262
296	24671
160	8058
21	52021
7	26789
189	5324
81	60970
427	7655
94	12350
144	1184
10687	129
95	732
4	20291
283	1685
649	451
34	13168
125	28768
493	2505
27	2098
80	42239
101	2984
224	34380
12	47128
414	6066
38	13171
42	25904
3928	362
233	34334
545	1548
505	25849
19	9172
246	4925
150	20038
503	773
56	13033
247	21337
12	17222
262	3033
2301	1702
13976	67
153	20383
135	909
30	51967
469	4971
134	21251
36	16076
534	5672
76	29877
311	2504
849	18442
288	8030
55	21018
364	28781
3056	155
12	16952
186	32526
144	33022
98	2707
2869	187
0	13992
962	11684
25	25578
135	21582
70	55023
12	49623
685	38733
2	9684
994	6057
56	14551
260	31238
51	53499
1054	19925
44	14561
8	48616
156	22864
340	1456
10	2656
82	14829
31	15041
559	6355
2363	1072
136	34467
184	33988
225	28563
58	57101
43	4068
500	2660
5	765
59	4017
275	35545
154	15575
112	1811
1	15290
511	9723
2460	10810
66	17221
284	4630
70	16181
154	13217
529	24743
497	7376
144	14618
1275	3018
1154	12852
244	29075
234	5312
607	11181
4	10178
270	6479
390	21903
160	12960
1884	1143
1762	2807
639	9830
1	21524
71	15982
152	18235
372	18888
27	46027
193	9142
283	39220
364	14607
63	8657
12	4699
125	39546
42	15694
343	2600
706	8483
150	16750
73	17869
2671	625
385	20528
695	5989
2309	1624
307	40520
45	18511
879	4289
623	24245
1715	4821
24	15343
1323	8603
41	36061
245	5310
5	31999
352	5379
118	9017
171	13309
45	28204
56	15577
521	12102
532	4017
233	15416
23	18798
107	1851
214	12385
1311	5559
111	1066
414	8561
435	11170
0	44075
1093	6499
41	52090
15	20457
73	33708
933	2627
2585	5772
418	37747
123	22974
398	12759
36	2413
363	12157
192	7017
96	46813
54	10603
133	45699
753	16361
189	8029
239	21165
22	14473
268	29854
275	18266
229	18329
1673	5823
176	6003
132	22980
298	1692
328	24859
36	61639
1551	5974
13	30487
41	57905
1048	11864
1038	11488
1045	281
104	45924
2425	379
41	8141
283	4247
2384	82
138	15685
171	57057
662	2792
1094	4749
3029	4262
693	4529
863	6752
1702	296
4	19419
120	13098
35	41695
143	10701
43	24690
81	1133
56	42127
29	8095
119	28573
79	4664
1463	7825
367	12386
87	23741
366	11607
193	3782
116	25399
388	43311
74	10213
1136	7690
339	7677
391	14473
1387	11994
779	2160
370	1927
56	30456
262	4194
408	10969
297	12932
3748	21
9539	1696
523	15318
286	18561
23	31330
29	45172
126	21722
326	30341
847	11373
42	35344
1253	15609
218	32882
300	18506
12582	1710
33	18375
118	20199
331	29950
100	30382
73	44557
25	64824
155	29088
428	9616
488	32083
32	23507
2	12489
111	42461
1346	2001
13	5174
82	55226
52	47998
155	19979
77	33897
120	11558
487	876
580	13638
889	1660
875	7098
69	5882
30	179
39	4739
188	38799
198	24022
188	5410
36	6989
332	27126
311	15134
10786	278
126	7934
102	25623
272	513
1298	5667
607	7052
153	16903
28	52130
6074	1531
115	15589
251	20986
172	18070
394	5071
1876	1257
332	3985
26	12462
156	10117
1238	6761
200	14107
346	31814
36	54438
219	8645
263	10871
55	25826
702	4020
5055	1179
214	2441
11	47786
255	8284
707	3300
252	27830
172	24308
108	27875
209	29159
549	8390
1218	543
300	35318
614	8087
177	6221
81	5053
174	7474
384	31145
1280	790
127	13187
272	9380
3527	6099
3571	413
288	8372
470	10387
59	9348
126	7742
26	1371
46	33483
475	24000
213	22851
90	12071
391	36106
471	5079
450	22813
2286	783
42	15618
4	25131
402	4957
258	9375
42	18903
177	21982
5	50512
1084	1624
882	1071
271	41955
73	6948
186	11931
306	6640
135	26339
2404	5226
52	22679
988	15727
1292	16488
538	5210
1618	2590
47	36300
357	6537
417	22372
21	12947
1232	6251
2303	3647
63	12575
665	13217
102	22248
27	27188
508	17887
314	9655
3	34907
601	3511
63	23439
433	37240
316	44492
146	13136
2	6142
46	28420
288	30281
555	11608
266	3526
102	43784
219	21227
131	14811
171	24468
8	21013
14	17463
217	13286
21	22676
217	27976
860	5368
1	47937
149	15821
118	40053
184	3815
445	4964
2021	1759
157	4495
242	4820
5	14000
338	30997
845	161
127	14902
155	45165
3084	154
198	24746
32	17819
17	1540
66	17549
28	17259
258	7811
349	14345
4	40748
1429	3493
53	2719
228	16998
182	5704
25	19615
94	8722
1086	7934
105	15293
146	1699
2155	5741
38	7193
31	6947
44	794
1117	4107
560	14531
9	30523
545	5918
279	34375
1498	5977
55	2030
393	8964
342	37629
554	26151
99	11217
20	11718
151	15206
326	25118
1	19066
65	5664
96	37678
55	14142
11	19356
72	6471
655	8484
172	22509
52	28550
466	5387
46	19990
63	5852
366	10072
124	8558
2151	1197
2690	321
156	3445
34	14669
242	47480
1140	21400
610	5934
169	11392
65535	6155
531	8304
299	40173
69	16429
70	5649
175	19756
292	4953
99	41600
25	42710
40	29299
141	33097
255	15266
169	8546
313	6205
1665	5144
127	25642
617	22489
586	10986
147	29951
425	16184
109	21848
50	11723
6522	1054
2903	3256
55	18237
363	33903
1218	2019
385	14819
55	31588
376	18156
46	4557
65	31625
18	23689
1841	2273
1092	19073
646	18349
32	7205
620	3993
23	33995
140	24302
240	47716
36	13678
259	45
94	20685
489	16809
221	2740
264	19779
15	22655
524	11373
187	38179
10658	130
301	24181
35	5381
7101	132
54	33217
580	3612
675	737
423	4543
697	24728
197	20947
5	4160
8	10047
403	2229
104	9893
84	1194
2	43013
180	30274
5638	251
320	2458
60	20379
18	18082
527	36004
560	20535
203	6171
49	17684
918	18390
108	19850
64	52151
187	37979
823	14789
7	21496
448	2501
168	20740
2	13045
265	36704
99	55078
59	17226
161	8544
333	44
28	1081
811	1240
234	12267
120	13380
1626	5082
22974	86
307	5517
5949	3235
164	33445
30	3558
362	2725
193	37347
193	20847
16	46673
559	1734
188	43915
91	1394
7	7863
212	30484
121	5649
207	4202
260	23699
33	9177
223	25208
464	2503
342	39048
170	28639
606	33888
362	2322
2317	1693
84	10358
409	8797
465	8215
54	8725
498	10400
419	23877
223	44499
4	31145
22	18616
44	39555
19	5815
752	3772
152	39640
648	33763
23501	87
4655	4125
574	3142
4	39910
148	41560
170	17504
172	9331
89	20965
237	38741
3680	5593
731	18
258	23151
803	5429
45	42974
148	11341
35	14619
23	25081
2307	831
242	47367
1682	1233
22	7205
8	15826
386	5996
51	6880
372	44055
5	7340
118	6925
1137	106
21	35067
309	1295
164	6618
796	11610
450	18113
0	29504
36	39081
3	34264
176	25202
13	867
61	41095
594	8665
950	1257
60	13107
249	800
741	9084
478	3708
353	5369
473	14563
250	33286
490	20060
38	20346
56	47318
389	3666
31	19300
61	2918
123	7802
55	61215
294	21883
446	16951
77	6408
5	15425
444	13398
167	13677
196	630
43	25545
622	8958
71	18853
448	4994
274	6564
948	1969
78	1484
64	7449
474	3694
199	24628
36	2822
103	34090
6	20745
276	18636
37	21468
144	16076
8	19725
160	7269
133	23756
61	20375
118	18923
596	8934
217	10466
520	2739
500	22670
123	33431
54	30767
339	39148
445	2540
504	6001
237	8518
54	12007
209	4918
61	580
44	12606
879	4430
138	12952
965	11789
443	6660
1	13961
165	21536
352	28739
18	53520
6	39779
253	22258
118	11515
15	26203
73	10638
299	6035
294	18384
231	39020
580	12790
66	5759
60	12271
210	44463
374	12055
324	5889
39	34696
23	2648
35	20617
291	1725
97	14235
478	4943
143	7637
10	17684
28	9735
1717	10638
974	13013
87	15319
530	16199
223	1948
126	16228
563	36766
1445	3345
1283	14230
572	5520
208	145
41	4481
258	10063
1270	6596
534	11586
109	17663
802	4732
9031	1766
460	8948
311	10277
155	31893
778	3347
2620	6605
165	22288
546	23115
1	12479
210	27609
655	8096
45	42608
302	3513
44	1883
37	17347
695	30434
4698	3002
101	52577
59	14269
1012	5042
557	9198
100	17371
1410	1143
232	27455
36	21427
510	25753
84	29293
115	1860
314	3129
241	3359
312	13800
323	3370
2211	2429
316	5234
351	19976
165	11305
500	13798
329	44620
301	10403
97	29171
2492	5595
7	25262
3	6483
221	2774
718	13882
141	54776
177	8736
261	1487
12	5398
5	46776
184	7562
71	35526
384	41588
401	8073
13	21284
104	50266
398	8297
43	16602
16	2663
371	1495
85	33685
173	15635
53	3332
246	34335
231	3117
380	32497
513	21616
119	13728
685	13494
0	12396
42	157
205	16137
533	13404
39	15409
697	2507
267	17985
19	19301
158	5663
113	40257
1011	3077
52	20100
47	438
9	33536
0	4590
5541	1202
48	2724
147	12958
310	11018
400	3465
1470	8148
318	25384
842	5600
157	10892
64	924
139	13129
2680	9042
99	3420
64	4904
1337	8333
1670	1495
167	3455
81	24234
159	29457
86	36163
36050	96
143	40135
14930	13
286	2336
22	6961
62	45491
226	2878
222	6184
123	43253
127	8803
367	1686
60	30855
261	849
29	1135
449	19924
1374	13
9	1393
57	28228
4630	1010
484	25947
345	12595
189	32089
47	16190
133	3280
618	10068
787	5171
118	55311
104	50776
286	6604
5627	558
219	4567
686	16772
139	45432
498	34127
84	3031
215	27433
74	31061
335	27157
675	23789
33	2351
2539	2235
232	9710
157	20972
200	41297
662	33268
436	8014
15	19182
125	35470
443	36169
191	28460
91	9419
101	19148
38	52465
7901	39
33	1878
23	28044
56	4566
32	25749
1423	452
172	1269
232	21888
42	19927
174	26904
402	18486
15	32989
1140	1918
69	2515
1078	2518
325	18617
66	34914
1829	1293
346	7822
1200	5972
110	40462
58	11272
16009	912
265	40059
6	3272
312	923
3211	147
72	15475
172	14071
505	34087
724	1999
20	23566
72	34989
339	9808
33	1270
1333	4869
78	50570
193	4420
32	2042
322	24737
755	5441
445	3605
63	32635
378	10824
20	26905
269	17879
102	6944
73	4431
15	47684
488	15346
397	1503
294	12788
5	2955
29	12852
388	27782
1462	15334
42	20466
10204	1045
50	40484
1296	1612
514	31153
226	23096
62	13587
727	7199
348	258
10	13872
305	1800
419	8739
169	38567
160	15783
47	5033
24	31815
44	6809
52	35999
293	23513
154	7590
33	9254
448	38064
225	26943
636	5872
671	16229
153	37860
137	7450
85	18967
62	17496
29	8181
384	37613
161	32224
423	17504
232	24464
3413	4290
507	9242
190	6551
89	16877
80	3150
346	10924
327	3687
415	15432
134	2977
3468	487
379	6370
301	4563
288	28765
700	19989
2015	4607
284	8495
398	3593
64	30181
264	1748
110	17284
175	34672
228	7606
2057	498
283	16080
425	25698
213	17613
810	4737
244	9309
365	1382
385	10542
2634	1193
54	20433
294	24997
1111	741
401	16415
145	16588
321	13205
1437	7141
327	19123
142	14759
3319	276
210	53128
0	15621
557	10286
435	41129
3	20042
31	60979
167	36658
92	44502
337	47171
286	20299
11254	103
1715	3939
912	5768
12	28233
209	6860
125	11257
448	1469
253	20231
55	18702
64	484
324	1160
223	32183
203	7058
16	41524
47	38308
116	51484
131	14431
621	5135
55	39804
217	18167
16	16300
45	6588
113	37701
1707	4416
407	8620
433	2053
33	37701
130	46200
354	19118
155	41218
63	1268
324	43844
351	13429
912	3175
414	8060
41	39358
98	29202
541	6782
672	8783
139	7668
431	12167
185	17714
218	11782
61	12156
1125	1266
140	1960
395	9458
65	26893
407	14608
37	10431
30	17255
778	5116
1788	10520
881	6686
219	30216
500	4589
355	15063
17653	689
161	18376
97	12481
186	36612
61	42602
200	1777
8687	575
209	47754
7	3420
15	27568
606	20091
10	18509
119	33001
685	13887
21	23814
537	12513
162	15488
1947	540
173	12133
694	12046
423	5525
7	8062
4794	2360
204	27854
296	4716
77	546
155	524
776	15552
385	4091
38	41358
119	25870
1408	414
244	4984
2	21454
4645	1560
968	20323
4458	2781
280	3408
56	17705
27	5931
230	49578
12	34707
669	13490
9368	96
22	6133
575	2261
15	28309
921	3306
87	17292
547	40
3472	152
116	24093
26	19680
20997	69
27	49887
705	6205
465	20992
462	6352
428	37646
111	29941
11	17164
15	1240
460	14065
69	2396
180	9773
80	7140
630	7773
143	26922
26	1492
666	3893
83	28625
333	49005
744	17316
98	3223
115	6608
26	1369
1076	11058
88	11384
0	3571
404	787
107	8727
348	39437
2	17220
60	32267
62	36443
382	4554
154	4117
51	2380
138	11881
352	14422
133	14729
208	17762
152	22109
91	18039
10	28031
109	4988
110	9938
106	9131
478	10394
18	5184
767	421
1656	1928
335	5587
292	15224
19	41914
131	3399
759	9340
49	13554
55	35459
247	2119
67	16268
444	9609
244	5297
725	225
63	15576
36	13994
538	45395
480	3149
17	665
140	14411
15501	261
182	16602
795	6509
650	25588
40	856
469	36373
1793	1802
182	2589
6	42377
633	27518
126	31419
105	25191
181	8275
360	20527
55	18828
35	13372
0	9557
408	12466
231	18783
2692	4718
61	29682
436	1337
1567	3216
3747	1180
367	45275
1610	1062
196	31775
167	5346
33	42034
13	39799
125	3011
643	5663
381	22779
129	940
486	1792
79	19617
179	13058
1859	12904
287	11803
406	1449
249	40244
514	4583
2710	1650
194	2353
35	51603
453	3315
515	6469
455	25655
1	40
23	15173
347	14845
24	22014
982	7011
77	49885
558	44483
25	10992
564	12259
53	15784
121	9590
644	12910
358	35751
13	3908
57	24281
494	29423
156	37419
4816	331
478	1645
180	2580
74	16316
548	11007
553	46411
487	12063
34	20286
2514	4472
23	10772
20	21942
3	12590
926	2408
347	4940
263	37841
33	1647
227	35540
31180	23
32	17684
104	5523
74	33721
1388	2542
79	9975
117	23189
128	42713
88	7508
35	4171
292	25944
983	2017
1072	9492
175	15892
956	7066
57	21696
48	8885
244	8384
59	5598
1148	5753
5	5986
167	668
384	17968
1637	5536
53	21203
584	8093
490	10973
950	2011
999	9667
64	22651
157	32497
35	28792
143	7047
168	18075
230	37252
5582	469
67	8516
185	1437
14	39353
30	12092
194	10292
3474	6126
1063	3050
53852	183
44	30262
2	7064
175	23994
493	21321
488	6459
639	1701
2230	6693
210	40364
327	13508
828	2494
440	4979
79	58427
132	34649
20	22504
677	20706
157	19359
318	5971
34	5783
263	38680
201	1148
542	11011
274	6243
6417	761
17	10182
239	15762
152	22219
128	16885
110	10174
117	9489
72	16483
336	27653
258	49130
378	16625
314	19318
2	27927
37	33873
96	15703
3133	3364
39	1432
104	7475
323	4799
460	19086
409	23851
155	32757
234	11230
273	7550
38	47841
1868	673
238	201
527	30561
62	2680
12	16793
25	25172
122	23495
14	15571
4	29874
130	17439
280	14216
119	30637
741	2851
129	154
11389	1002
452	35961
2379	1645
408	39295
21	13924
575	13858
187	8580
71	19027
545	14621
515	16808
293	53420
422	14685
683	8811
171	6375
43	28935
328	28530
96	18537
752	4138
739	6174
419	40014
1870	12539
50	32116
481	7649
52	29500
187	5873
86	12022
354	1223
128	50315
4230	86
2392	7602
56	846
57	22657
170	1274
140	23755
729	3327
1093	2874
675	31852
484	18510
3681	1886
12	20349
181	12322
343	36082
142	28116
69	37494
305	26618
110	22324
1	52431
48	35911
17	9059
135	7031
41	2366
79	5727
1576	2210
532	26415
634	11696
23	2223
255	26248
486	15742
37	10073
571	22051
148	2051
25	20875
116	7332
897	11016
251	4034
1306	20
1595	12823
344	15109
3	2910
111	4400
172	23416
26	974
394	30598
755	782
13	4946
4	31971
140	13647
42	8382
116	14574
2534	5435
275	43064
196	2535
111	31166
422	33662
9284	356
2	30283
258	30062
163	5161
19305	446
1698	5204
345	30083
434	5082
239	53033
218	49991
136	7742
201	17488
299	7133
101	3503
236	17993
311	839
599	16477
150	42414
137	1954
6	38173
142	20202
590	15795
76	2833
31	9310
57	29706
1372	2993
74	30414
440	16944
44	27820
2	31491
382	32747
652	8537
27	27216
65535	13999
106	44945
137	8582
16954	19
230	17303
46	22625
163	11663
873	717
6038	569
562	2333
282	18616
248	16326
5	33266
795	3218
132	17364
259	19969
59	14777
9	18236
237	18485
41	15635
51	8241
234	20910
127	6476
149	16369
379	21238
73	46211
13	4094
237	11858
1279	15835
41	8249
914	10013
7	8772
221	47986
171	36616
137	12086
296	22249
12	5038
313	27028
109	48139
88	37755
35	44218
25	8312
102	4716
2801	7488
144	38134
607	10294
5392	377
135	261
9	17528
184	63760
711	13434
12	822
228	20734
4816	191
417	29945
217	47681
79	18177
1238	5545
1216	17074
122	25615
560	2274
104	13384
73	2082
132	42087
121	22489
362	30379
393	30954
65	6343
442	33795
15	721
469	62859
776	7504
194	23389
461	12249
187	41039
163	16920
33	29209
805	26121
290	19879
738	296
76	14760
210	51396
14	4936
612	26544
157	33127
1890	4517
1301	7426
388	30704
73	4690
3569	1890
172	27942
349	19192
801	20895
727	6657
131	28394
442	13815
27	18811
345	9893
3200	1599
926	12103
53	7426
312	3925
318	10901
112	34386
52	11267
53	37083
117	30759
43	22249
1942	7557
188	33043

