70	108
33	249
237	62
81	95
204	10
229	40
198	21
255	63
207	129
142	60
7	5
255	195
219	45
255	170
96	166
229	56
146	123
78	113
251	28
190	47
86	183
213	163
19	7
254	78
140	204
71	126
135	133
194	55
119	115
143	92
186	0
78	11
4	108
193	19
138	34
145	1
243	175
255	167
195	10
18	200
19	11
229	0
226	20
246	173
102	12
252	16
115	42
145	78
23	29
172	28
58	30
127	181
254	42
207	42
79	159
242	16
12	120
18	29
255	20
200	86
203	60
245	2
228	76
232	17
200	81
215	13
156	126
229	39
218	13
216	15
255	19
255	151
87	56
255	70
197	98
25	0
221	25
255	124
79	66
237	25
255	74
255	84
140	12
250	92
109	44
214	43
50	72
205	102
255	187
75	59
255	38
207	147
132	29
65	39
178	57
218	41
65	103
52	26
170	49
165	98
216	8
255	13
180	106
255	84
133	177
251	145
132	23
255	12
255	209
187	69
10	91
9	93
131	5
255	177
255	160
229	52
199	55
255	114
85	2
255	51
255	77
54	22
165	4
142	10
203	15
255	126
189	85
252	63
217	121
90	38
198	31
24	61
59	61
110	13
246	94
15	58
255	190
255	151
178	114
101	26
24	213
81	18
255	97
133	208
180	123
145	80
13	24
252	26
195	24
255	105
1	157
248	83
175	27
255	160
55	181
118	4
241	38
36	20
255	114
252	16
135	72
79	220
155	75
195	17
151	53
255	236
194	73
212	78
180	39
238	135
205	101
180	5
27	10
255	200
255	25
210	53
254	26
255	234
111	68
239	16
127	33
70	15
231	85
224	25
228	43
255	215
242	66
253	13
209	28
54	8
196	172
225	35
95	109
231	62
27	39
220	46
108	67
83	17
69	124
8	82
153	39
157	176
0	67
175	254
242	66
248	20
243	106
142	158
255	182
211	193
175	146
2	42
238	13
217	26
255	88
255	75
117	0
77	11
208	88
238	33
255	138
32	147
235	154
184	2
110	1
24	54
144	143
255	222
171	121
69	97
117	4
162	33
17	61
132	45
34	54
254	23
66	177
207	50
248	46
53	27
57	31
56	104
255	34
101	23
235	13
255	187
234	13
83	21
18	2
75	56
115	28
27	95
43	14
37	0
255	197
87	41
232	29
255	98
212	83
159	6
159	109
255	132
63	66
253	8
164	117
62	27
202	23
255	242
255	226
137	107
119	55
38	124
255	79
242	104
167	2
207	63
255	52
249	52
214	79
218	31
255	186
133	1
235	171
80	117
226	20
246	81
50	56
246	16
254	2
11	215
24	0
195	21
255	71
49	51
183	13
86	48
219	32
43	10
215	179
166	23
23	20
66	42
170	39
49	11
226	18
255	131
226	153
202	1
237	99
123	111
33	9
255	216
59	127
182	217
50	57
23	23
17	165
154	62
106	110
22	135
55	169
170	54
94	5
44	82
115	107
249	236
221	84
113	46
151	23
227	70
251	21
189	93
14	31
129	32
74	145
46	25
255	133
215	207
69	19
129	234
72	2
6	47
160	49
17	94
164	8
146	135
126	3
202	62
18	68
68	61
34	46
255	18
132	49
24	32
11	77
243	93
252	49
233	9
238	36
172	54
237	94
248	50
60	94
174	52
211	60
33	58
249	6
8	90
17	189
251	54
255	12
154	3
172	2
11	18
255	217
2	116
216	24
197	2
246	151
103	27
174	133
228	213
255	175
240	206
167	118
184	116
230	49
220	37
186	155
255	62
212	24
249	47
6	165
49	62
248	83
13	114
193	35
121	181
255	168
252	63
173	82
252	74
248	17
201	37
253	51
255	111
72	150
255	122
80	58
255	38
10	76
239	20
250	155
124	2
251	72
23	47
124	21
204	145
122	125
180	155
197	34
255	178
165	39
53	19
229	57
177	5
135	12
149	54
255	79
212	115
190	127
234	133
103	87
254	26
210	127
226	161
170	184
215	57
143	54
114	108
207	92
164	162
60	73
243	35
200	57
255	237
211	51
253	34
7	74
142	152
255	204
255	139
204	17
254	33
152	98
4	196
255	116
14	52
255	221
161	153
140	5
255	154
255	114
226	6
243	120
27	55
166	178
146	79
255	201
222	20
125	136
81	21
254	51
112	136
201	39
231	81
49	5
253	3
255	44
255	121
81	182
73	24
2	142
32	20
193	158
53	113
255	65
6	80
228	194
26	108
188	121
255	169
241	43
204	65
211	85
225	8
245	27
63	3
133	7
173	39
78	17
89	99
71	105
137	63
8	21
3	16
159	7
255	1
57	130
183	5
255	15
255	225
3	15
147	80
154	16
168	0
75	54
129	84
240	18
33	93
119	97
91	0
32	71
60	122
241	43
159	230
190	16
255	20
190	14
218	26
199	7
49	135
20	30
241	39
1	185
249	64
5	100
207	61
255	32
153	119
150	140
252	22
255	93
175	20
57	137
255	210
146	0
7	111
67	143
28	37
145	183
220	194
255	84
195	12
69	54
184	214
92	87
248	115
202	15
255	15
214	104
91	143
8	4
232	95
64	95
171	152
150	77
49	31
204	10
255	113
85	35
144	23
22	62
255	90
255	23
193	112
168	35
124	114
22	22
98	93
121	170
125	177
193	160
224	14
255	118
173	53
255	191
83	81
162	42
142	181
60	52
172	82
146	126
103	127
255	84
216	104
151	118
255	196
100	54
36	53
159	58
108	161
255	213
137	139
208	74
236	177
210	75
198	151
154	22
21	23
22	31
0	117
255	43
36	14
255	20
3	23
243	31
245	141
51	44
245	73
247	112
255	120
250	0
253	35
218	42
15	192
255	82
254	6
126	37
31	118
19	120
19	192
201	123
82	168
93	48
203	120
42	63
247	14
44	66
211	151
189	255
20	168
37	127
253	0
253	8
249	36
51	28
250	22
192	84
55	6
253	19
90	174
79	158
252	78
152	88
39	0
139	31
0	19
42	78
112	44
122	92
159	33
109	163
250	73
71	189
252	17
176	82
17	205
219	87
17	199
228	25
224	126
255	39
228	70
214	133
3	74
138	14
142	181
46	183
255	30
158	27
163	57
101	115
252	74
56	41
91	102
226	116
110	101
255	145
196	77
23	125
80	107
195	159
255	85
184	54
253	48
98	50
255	146
160	211
148	132
133	92
215	220
45	55
134	120
180	120
114	0
202	61
102	123
8	140
22	26
42	144
255	33
15	36
236	69
144	31
255	209
223	14
106	51
223	19
230	19
255	102
255	144
7	100
133	7
21	64
68	117
151	104
22	33
204	15
52	119
3	46
173	14
136	96
28	93
138	81
250	113
5	81
218	69
247	76
8	115
230	199
218	87
39	140
130	39
143	75
251	154
145	93
208	74
121	185
89	27
141	7
203	218
229	121
255	80
255	249
51	56
25	94
172	151
17	77
28	156
255	57
38	66
152	28
77	119
4	92
255	38
53	32
149	54
129	119
13	71
255	255
203	25
254	94
237	71
164	206
73	140
35	128
12	13
110	122
205	191
89	14
214	15
75	144
161	130
11	137
252	7
100	45
112	28
255	32
5	26
33	58
62	147
78	183
69	49
112	55
217	122
10	51
250	86
250	16
199	236
14	78
6	42
157	141
240	44
85	21
250	84
14	4
18	101
113	113
90	165
255	138
43	102
123	89
23	112
255	158
255	207
146	39
208	90
254	3
249	25
195	19
71	0
222	6
43	74
89	65
183	43
23	21
15	75
110	2
219	94
39	98
255	49
137	188
234	78
203	47
242	30
249	124
0	3
30	12
219	3
54	200
27	99
197	95
203	188
83	38
238	92
117	151
228	65
255	11
13	61
115	51
197	156
237	4
136	144
255	216
174	103
90	114
11	35
1	249
1	32
78	65
247	21
151	110
122	56
243	51
171	18
24	212
247	26
137	20
9	89
170	122
113	3
252	25
54	85
255	240
20	119
20	53
216	56
58	19
128	83
33	86
255	43
71	102
177	24
144	158
249	29
250	36
227	206
186	108
255	115
210	70
97	85
20	76
212	11
112	30
157	58
226	108
204	25
140	98
1	175
34	34
73	114
243	13
27	130
200	19
67	167
60	170
9	132
142	83
75	36
255	46
92	43
248	60
249	27
13	60
139	55
255	40
212	128
235	61
8	4
112	112
255	7
40	9
68	3
23	163
252	122
116	10
206	99
252	8
165	147
10	51
146	5
193	78
239	27
24	181
255	159
85	227
176	117
231	161
126	70
177	46
255	125
16	2
231	31
43	59
132	115
14	87
242	39
161	46
130	205
98	66
228	3
215	141
113	127
6	88
97	171
251	48
0	23
92	89
1	175
15	202
211	115
153	40
255	109
177	114
247	124
115	117
114	68
133	57
247	65
255	55
89	73
58	21
208	84
88	56
70	103
193	9
51	63
240	100
223	9
68	101
255	181
255	33
152	146
255	66
255	158
251	139
181	53
58	45
243	86
187	47
89	154
134	30
45	171
189	98
255	108
243	19
215	43
56	34
229	183
247	51
28	61
31	232
255	236
152	26
147	59
65	14
249	0
254	82
93	108
29	12
70	193
47	13
205	99
21	148
41	120
255	14
66	89
226	32
114	94
250	101
83	7
47	73
195	26
223	25
255	97
7	3
101	60
255	14
255	103
241	126
74	13
241	57
255	67
253	5
119	134
70	69
254	17
12	43
210	71
31	29
93	33
88	102
255	34
101	63
3	51
207	45
255	113
163	107
195	29
59	71
9	198
226	113
29	111
255	61
30	67
57	13
140	116
165	22
55	13
255	120
232	11
75	74
252	116
96	42
80	19
247	167
133	110
105	40
147	155
214	74
224	13
172	143
79	35
255	165
255	49
88	146
92	97
149	36
133	157
255	201
148	51
5	19
137	159
254	22
155	67
254	7
248	9
239	30
255	57
167	31
200	79
209	121
236	9
161	0
92	39
229	51
253	174
200	137
255	218
39	92
156	10
186	67
234	147
249	135
221	0
252	5
144	5
235	86
30	120
227	21
194	5
227	169
213	76
206	82
218	22
255	30
157	66
16	78
255	196
90	86
239	10
125	16
25	35
251	10
3	60
106	100
83	20
248	145
255	108
220	80
93	25
45	73
65	131
229	100
159	41
58	135
126	43
94	61
178	21
255	86
44	0
234	59
213	123
161	139
251	18
253	52
13	30
246	69
224	207
248	21
168	90
139	76
13	59
91	184
251	122
8	48
49	76
24	30
212	155
255	47
255	22
143	79
229	13
102	164
200	26
172	15
247	60
201	146
3	33
181	27
228	89
20	2
232	40
197	29
237	48
224	18
41	30
147	79
122	13
235	78
201	3
196	95
170	159
252	41
255	159
166	27
152	57
255	184
197	12
242	85
243	88
1	27
69	54
69	249
254	7
244	16
252	14
241	5
211	90
230	201
65	164
254	4
226	1
255	121
49	37
142	19
112	100
104	65
228	18
161	58
233	116
249	56
255	116
156	28
255	87
171	53
255	232
214	74
255	71
255	191
246	25
153	233
240	74
22	95
250	0
171	6
252	56
169	47
104	30
154	24
190	18
247	31
183	64
84	111
154	139
188	50
208	53
17	178
255	174
63	246
254	13
87	0
87	60
108	28
7	104
185	68
175	93
147	91
206	72
183	43
186	16
140	13
255	77
61	47
177	9
110	41
33	26
251	58
155	128
255	226
146	125
255	116
243	25
255	150
255	2
201	120
193	242
105	131
139	63
100	89
255	11
177	98
195	140
253	5
217	60
176	209
220	83
189	30
23	171
255	111
255	27
235	8
51	89
223	46
23	98
255	153
33	17
255	53
145	161
184	141
255	130
15	17
220	114
153	76
255	93
66	20
221	37
255	28
81	117
98	39
153	41
251	2
255	145
2	143
242	53
194	90
255	172
94	102
84	125
237	31
231	53
255	27
209	180
127	100
104	117
18	136
223	114
255	53
33	156
182	127
144	33
215	149
15	17
255	187
222	8
220	24
255	208
255	187
3	82
187	191
11	76
255	37
204	10
217	83
5	101
6	66
147	147
37	0
255	27
251	17
150	16
249	35
14	191
70	120
46	17
255	50
63	106
13	133
44	202
231	95
28	32
172	45
49	0
215	79
255	190
39	4
77	88
46	74
41	179
255	97
214	102
43	73
205	112
212	14
87	60
115	90
29	186
253	5
170	50
163	7
19	150
35	2
163	195
128	68
40	4
250	72
226	67
248	19
83	1
142	117
4	80
154	1
239	69
190	82
40	66
66	76
45	94
162	91
231	102
88	102
236	33
196	92
39	91
196	11
3	147
219	75
132	44
3	48
240	98
255	164
247	2
255	32
181	109
255	148
111	148
241	34
172	205
11	60
255	40
255	34
125	69
170	14
186	17
128	11
202	121
124	205
238	69
14	37
255	156
117	70
240	28
220	72
241	155
34	27
156	10
215	140
171	143
55	183
62	78
230	8
212	15
74	135
20	121
184	68
255	90
34	52
255	218
152	35
20	41
49	10
255	153
253	15
255	77
160	17
166	187
155	151
44	40
134	156
226	110
152	164
136	6
237	73
16	5
250	61
202	18
177	148
255	155
92	123
232	152
23	58
88	0
16	1
255	195
34	41
10	29
241	0
81	46
250	77
58	55
243	30
181	28
1	122
126	34
39	171
204	54
215	100
53	74
15	118
225	22
177	37
209	13
146	213
205	60
255	137
179	15
103	96
255	99
222	73
228	90
156	179
252	1
37	39
80	203
22	8
7	52
242	30
9	119
19	1
137	172
198	4
145	38
255	68
106	88
53	43
241	51
8	143
173	97
204	54
255	212
255	136
59	5
86	81
96	31
255	198
222	53
255	138
92	147
195	133
251	42
245	12
225	176
194	36
255	156
178	63
213	179
23	175
10	21
55	97
252	13
255	180
2	141
132	26
4	129
143	17
164	202
255	169
255	1
4	6
99	73
51	68
148	5
73	15
19	44
115	135
140	98
64	80
83	130
131	42
254	12
255	12
169	195
67	98
180	16
7	156
177	244
255	31
55	71
52	111
6	37
237	111
141	90
185	162
232	89
255	147
79	93
204	10
245	30
250	28
196	129
202	83
15	70
255	91
175	83
167	22
255	181
255	96
255	11
37	10
124	80
160	140
255	165
244	30
248	116
255	174
241	102
90	11
213	176
15	24
95	31
234	14
148	138
42	48
47	223
35	34
255	30
185	88
125	250
12	25
42	77
123	31
8	3
107	21
218	74
75	220
210	128
249	86
107	0
116	5
249	121
210	68
61	126
155	83
34	132
110	132
28	162
56	43
68	88
254	87
11	79
198	51
255	220
2	59
114	131
255	64
194	43
241	89
239	79
250	43
68	12
143	157
170	157
255	196
225	33
49	228
255	27
47	57
17	116
36	24
40	27
194	17
144	70
2	20
255	163
113	62
255	225
165	95
181	29
112	24
7	183
250	16
255	227
19	147
13	65
183	21
255	140
77	160
248	138
228	43
249	35
249	51
19	12
255	205
245	24
255	160
252	63
25	248
210	80
12	152
135	174
33	24
70	128
239	156
164	36
255	15
246	89
255	108
195	154
248	15
250	9
55	8
193	55
102	64
250	100
166	31
67	20
226	149
254	123
121	110
251	25
206	48
124	203
114	144
252	16
135	115
154	102
64	56
255	146
28	106
137	127
128	1
255	59
177	52
87	186
255	153
30	114
35	25
64	96
135	152
59	185
84	5
104	138
14	1
196	172
210	191
254	145
255	45
238	48
217	21
55	53
255	136
116	5
248	196
13	49
159	29
88	94
19	36
255	5
255	227
255	15
64	99
252	28
239	201
255	180
254	25
199	47
102	30
137	58
40	77
195	35
142	76
193	10
177	5
19	77
191	190
24	8
241	33
207	143
103	80
255	58
106	42
255	113
248	106
12	127
32	23
254	37
216	139
88	190
20	26
192	110
255	1
254	19
49	70
13	96
85	96
202	41
97	181
255	86
190	85
139	31
255	27
142	64
255	240
77	108
210	14
255	67
255	5
210	12
44	27
219	13
227	4
58	2
137	170
199	16
255	99
192	50
60	46
194	133
7	112
243	17
23	1
130	83
46	127
254	25
87	124
255	65
150	42
228	116
31	169
170	207
250	21
237	73
236	8
3	221
228	20
193	30
237	71
140	33
248	21
85	53
57	120
215	64
196	79
222	23
3	91
255	201
255	130
255	27
255	10
255	235
254	130
62	67
11	16
255	126
253	62
50	106
255	246
18	85
3	160
32	78
199	22
37	116
170	6
255	252
56	0
255	110
73	106
15	217
173	39
236	19
230	20
51	24
56	143
131	1
4	21
251	27
20	63
95	55
225	11
255	128
35	9
166	27
181	74
252	50
194	111
86	210
176	55
254	6
255	119
57	145
173	137
255	189
255	103
185	97
255	138
26	53
245	125
24	38
219	29
15	55
68	146
18	102
90	17
197	27
191	143
204	55
243	68
119	66
62	67
255	68
82	7
16	25
178	177
67	6
101	61
127	54
19	51
0	18
255	26
247	89
255	150
12	123
116	159
17	92
254	91
145	41
208	62
252	80
7	9
39	52
146	9
242	197
255	76
255	181
123	83
65	20
225	49
211	12
144	2
253	41
208	68
144	90
107	18
101	210
156	143
183	209
34	5
250	4
147	112
255	130
195	76
157	19
233	38
53	129
255	94
202	40
52	58
229	41
247	39
89	59
83	17
252	24
254	29
180	64
255	162
226	87
213	32
253	163
36	27
87	228
13	42
228	66
255	252
111	22
232	35
9	90
14	147
213	55
79	87
208	64
66	102
211	82
32	144
47	31
202	198
255	151
28	87
149	69
64	34
255	235
84	42
149	2
142	44
18	157
191	42
187	7
54	134
244	7
110	44
34	80
20	144
96	210
146	132
162	144
11	56
241	2
255	9
229	99
255	92
207	1
32	141
40	162
39	4
253	6
40	126
166	38
255	19
22	14
221	103
9	2
117	47
153	5
255	73
182	93
58	70
246	27
21	73
255	220
134	169
176	152
156	1
227	136
69	53
146	127
255	211
206	111
254	21
252	26
254	51
130	107
202	28
254	26
255	62
255	56
77	61
193	106
20	135
7	52
134	11
255	216
255	127
47	87
243	18
198	86
227	1
165	117
248	54
253	44
222	133
240	83
247	126
233	109
255	95
40	11
25	45
17	173
56	59
77	125
209	54
253	1
125	83
243	31
11	146
255	108
254	54
69	117
54	30
76	40
131	126
223	169
63	67
158	40
238	16
255	123
216	14
20	33
109	59
99	76
121	207
255	20
2	127
164	158
255	28
197	35
235	217
163	27
255	155
234	81
144	188
22	68
255	22
110	29
252	63
185	93
255	6
15	207
245	40
121	76
3	30
85	133
191	104
47	7
255	213
233	6
83	151
182	23
237	27
202	106
131	21
68	91
146	102
236	66
145	212
255	73
0	40
147	192
255	147
252	5
212	81
43	138
249	63
11	26
255	128
74	79
142	44
255	83
126	110
239	3
255	245
237	42
238	17
14	152
248	4
47	36
245	4
126	75
57	164
38	5
255	4
254	109
187	193
125	71
207	96
218	17
142	11
118	147
47	46
156	63
19	61
33	42
103	36
100	140
255	95
163	213
254	17
138	11
131	127
2	79
8	49
255	67
240	123
251	11
238	94
181	10
247	40
78	100
78	27
192	61
248	24
68	67
139	53
201	56
255	118
101	53
213	27
245	31
255	2
54	2
14	90
8	93
2	80
94	48
255	76
228	179
0	13
255	79
255	47
86	78
179	87
216	35
68	7
255	55
48	28
232	95
252	87
255	42
237	145
255	26
248	36
254	31
205	170
66	16
79	129
254	31
167	40
250	184
230	20
146	156
247	13
78	88
30	117
48	93
222	8
64	58
228	18
255	19
225	40
255	255
248	61
250	42
154	3
254	20
199	66
88	67
27	150
233	24
13	74
238	4
11	156
255	161
95	38
239	45
69	208
28	1
255	142
230	79
1	77
140	112
193	233
255	65
177	206
254	2
36	46
31	40
103	84
174	149
255	29
242	13
203	52
192	88
198	20
145	191
176	152
255	47
32	76
252	5
199	41
45	22
226	2
166	31
54	16
249	54
41	9
247	163
7	163
242	30
141	115
255	3
105	69
12	110
254	78
130	63
112	76
174	69
233	2
193	127
134	32
255	4
132	82
142	14
36	154
12	126
168	28
219	100
255	12
194	4
39	220
255	168
254	28
19	51
203	82
75	11
17	65
205	174
241	79
235	24
59	162
255	210
4	143
246	22
205	100
254	3
208	0
23	60
255	34
142	23
240	6
70	61
154	156
21	32
250	141
150	94
235	4
250	89
151	121
188	75
54	75
248	10
141	75
254	7
245	98
81	125
34	44
175	33
5	0
9	77
233	41
73	139
255	47
255	183
255	139
211	58
125	69
108	79
24	41
255	137
255	29
0	61
160	13
67	158
234	1
255	31
121	28
192	101
218	2
87	115
255	236
142	147
133	6
181	56
241	62
255	116
224	81
172	11
210	18
32	19
105	95
172	37
0	62
28	8
128	170
233	63
95	19
251	22
172	6
77	10
255	219
186	24
41	43
196	5
145	45
192	78
45	224
251	31
255	50
252	4
255	152
254	17
89	50
249	55
255	141
252	76
1	141
179	0
193	112
28	7
120	27
17	3
252	15
177	176
238	75
57	185
255	75
197	34
69	62
15	32
138	61
240	7
157	7
255	137
111	134
167	63
47	105
29	74
78	82
249	112
255	181
33	134
255	116
9	68
0	182
246	84
254	13
107	21
209	55
175	23
160	124
252	12
176	18
149	10
153	179
101	54
124	44
254	58
219	73
121	14
31	14
254	32
168	87
141	48
233	54
201	75
113	6
6	144
141	51
215	36
57	76
75	95
25	227
184	134
110	97
52	28
226	13
19	53
194	192
14	18
62	52
188	77
137	26
255	60
8	123
19	156
238	29
59	168
255	15
103	96
186	81
48	24
250	83
255	124
114	94
145	27
255	14
252	23
8	134
143	116
170	11
255	167
49	43
58	211
48	126
217	101
156	80
77	235
96	93
255	68
255	19
255	165
1	26
129	16
255	80
240	15
98	68
51	112
5	49
130	223
107	71
179	31
161	71
228	42
99	60
81	44
121	68
205	11
255	252
145	45
255	194
245	90
76	45
18	146
43	175
255	156
254	12
5	3
255	97
242	63
46	170
197	5
254	27
13	58
105	245
106	36
21	38
63	1
150	14
5	122
198	9
213	95
255	168
251	84
248	56
3	39
252	62
255	76
66	62
255	158
189	49
255	71
161	3
238	14
255	220
255	58
176	93
114	170
228	61
166	79
22	218
213	6
245	9
70	19
252	79
106	145
103	38
253	42
254	70
71	98
202	8
215	82
94	171
150	91
255	13
249	118
7	209
10	51
35	146
255	217
92	165
5	104
10	65
94	68
139	40
247	82
1	62
141	75
255	67
255	134
65	42
154	168
138	220
125	99
210	56
255	182
12	8
197	35
249	190
236	123
8	45
4	209
243	18
234	6
14	60
193	94
246	144
22	43
245	54
17	121
53	95
30	122
166	32
255	89
185	71
255	3
221	161
188	32
163	42
252	30
255	147
153	30
56	69
79	148
1	111
255	23
62	129
178	8
255	74
231	69
140	74
242	130
17	50
228	19
143	0
144	35
197	29
255	121
215	91
140	28
222	124
195	73
8	36
59	12
128	20
255	193
28	35
234	46
187	69
3	13
237	146
24	126
245	92
140	30
127	72
91	7
211	76
11	201
204	111
204	92
244	80
25	15
176	23
218	73
253	93
254	106
253	9
113	10
26	79
151	10
52	50
187	52
40	118
102	13
141	43
115	69
227	95
191	47
94	115
206	199
213	89
14	39
163	101
171	34
35	35
195	151
11	23
204	31
255	226
176	83
253	17
192	22
46	42
154	103
255	200
201	95
166	54
65	154
236	98
255	50
9	30
246	85
160	5
62	117
1	148
255	199
227	89
9	2
156	45
71	60
8	47
5	11
255	63
255	121
131	73
66	31
161	84
97	65
139	129
179	185
104	25
207	41
228	75
155	38
120	90
226	124
127	136
70	137
227	19
251	81
189	142
115	51
158	74
200	130
143	13
36	7
140	0
201	17
251	7
143	143
255	129
188	113
14	94
250	19
234	7
216	43
255	130
255	66
163	84
39	8
150	69
245	44
255	221
66	18
121	97
92	69
255	150
255	189
190	72
255	52
38	178
242	31
255	114
255	173
224	28
105	67
47	7
0	111
228	18
225	126
242	67
255	130
32	71
81	32
255	199
246	35
6	185
9	151
156	45
154	157
252	32
73	116
14	29
255	243
163	13
175	52
224	2
248	95
3	89
16	8
255	119
255	10
34	22
210	161
240	15
215	152
255	16
255	213
31	56
255	113
255	2
122	16
145	75
243	104
80	32
235	9
255	165
195	44
141	39
14	96
254	9
122	33
21	124
102	12
67	14
143	91
38	95
255	189
116	11
248	21
252	12
173	151
224	80
51	62
18	136
223	55
205	34
220	20
219	27
243	2
228	112
141	21
130	121
230	24
42	58
251	10
12	37
155	40
35	69
250	28
5	8
213	126
218	141
252	20
18	14
116	43
61	36
24	42
255	198
172	93
59	22
163	21
215	162
91	170
254	4
255	200
2	14
203	66
190	48
110	9
185	79
75	200
99	121
225	48
216	98
38	11
6	126
248	29
192	21
18	150
50	12
252	27
106	80
255	19
47	65
249	16
173	7
86	50
35	107
135	126
255	197
250	72
37	160
235	5
224	95
111	81
209	89
8	49
255	100
33	45
68	87
240	10
38	151
77	67
255	235
140	90
205	9
255	46
7	99
150	18
66	194
233	19
38	148
95	81
194	10
11	73
235	10
242	46
57	125
254	12
255	185
161	235
218	158
237	8
132	199
119	57
248	10
3	125
109	39
255	153
255	78
255	221
255	97
255	44
255	145
255	55
189	54
167	137
240	148
255	96
235	10
255	98
1	149
39	188
243	63
10	136
39	119
106	0
226	18
66	69
248	11
214	105
255	138
101	6
255	60
65	29
192	29
248	7
162	39
2	77
176	21
240	99
197	53
3	176
255	66
214	27
255	250
255	138
5	102
85	24
255	46
217	116
41	1
128	1
255	41
140	0
8	87
255	189
35	37
255	133
40	95
88	81
255	168
44	52
181	167
244	143
255	208
232	3
89	12
255	71
246	114
172	76
15	76
248	35
35	28
130	109
255	157
128	116
196	175
255	218
254	62
31	21
255	35
249	67
0	70
250	45
52	26
174	71
113	13
223	102
255	188
154	122
131	16
255	240
201	41
255	199
255	161
227	15
187	77
239	69
235	49
243	10
252	155
109	4
255	142
131	28
203	121
18	217
49	5
242	60
67	21
170	26
193	188
251	111
80	141
180	65
18	6
146	141
245	86
200	51
107	18
15	11
254	80
63	42
59	73
2	41
237	50
247	84
43	65
98	79
255	14
31	155
255	234
247	93
109	52
22	222
30	99
2	91
157	15
253	44
183	173
67	26
246	23
221	28
245	124
238	63
13	215
255	23
242	46
224	12
255	43
12	14
254	71
138	106
223	113
252	22
235	55
254	50
178	44
18	188
255	132
251	38
99	107
10	7
77	81
101	8
218	37
248	0
255	57
75	73
143	22
246	52
33	43
195	5
13	108
29	163
229	112
227	153
51	62
225	5
114	40
243	29
215	8
189	23
63	31
232	20
181	47
2	97
13	166
2	54
10	72
255	108
41	43
253	56
197	97
193	101
200	39
130	74
51	101
249	49
248	10
252	10
145	232
216	150
255	65
224	134
114	23
245	14
212	33
225	141
216	4
23	76
20	7
54	133
86	209
202	16
84	4
186	21
39	58
250	10
21	108
61	55
152	204
44	158
8	191
172	128
48	21
20	45
16	95
49	5
197	137
255	172
121	131
255	206
156	16
248	156
255	47
255	167
203	8
115	36
2	119
150	1
15	17
5	94
176	124
250	63
217	81
254	59
54	1
104	117
11	82
193	78
255	137
254	5
17	5
154	85
212	42
207	95
37	89
161	127
254	94
209	65
174	102
236	144
249	182
240	28
110	101
79	47
230	80
63	81
216	7
77	179
45	104
88	19
138	30
60	118
154	6
0	86
47	200
181	27
158	67
251	9
255	10
88	166
255	45
123	81
227	136
249	36
235	4
2	17
23	30
159	182
255	57
131	142
255	105
233	85
255	73
227	21
249	54
255	54
255	203
13	82
253	59
242	9
255	4
254	18
209	110
253	166
101	0
230	36
120	118
164	31
78	60
221	52
183	38
254	0
255	128
94	82
180	37
67	31
16	32
33	43
244	19
118	53
245	73
2	14
196	29
255	14
78	15
255	108
253	31
72	25
44	0
135	45
58	187
250	9
255	233
137	8
9	116
40	182
227	56
218	67
234	50
248	6
136	201
255	83
242	59
16	117
160	133
61	51
162	76
192	169
161	111
14	128
65	34
81	45
255	128
226	69
248	106
39	24
156	125
247	185
58	136
109	210
178	73
251	93
110	92
80	114
239	127
251	60
168	33
249	17
190	16
249	93
254	46
229	60
252	6
255	206
58	100
35	45
81	140
202	6
161	78
255	153
226	5
255	247
166	0
174	158
158	88
40	78
68	23
49	44
255	72
78	118
228	63
228	119
32	15
32	101
232	60
18	77
255	54
38	23
142	141
64	17
151	84
88	26
255	90
107	32
183	105
255	75
131	21
255	128
206	36
255	116
200	62
75	33
240	139
215	26
241	12
241	88
246	114
122	75
61	138
11	45
74	14
141	49
39	135
0	153
248	54
247	40
97	7
9	92
134	26
255	157
75	176
7	76
255	121
0	79
198	27
106	90
137	33
171	82
238	16
220	113
240	67
185	243
207	54
43	66
103	20
255	61
255	209
113	138
193	66
211	47
206	113
246	64
255	237
250	73
12	24
37	26
150	4
44	2
191	119
255	4
150	89
81	13
198	108
160	16
113	175
18	27
42	21
255	193
159	109
225	63
140	77
66	26
179	28
92	8
219	148
192	62
205	19
154	84
10	19
85	30
160	7
255	96
255	132
125	134
255	62
4	150
247	60
242	81
255	86
255	74
57	41
248	67
211	22
171	79
129	137
43	62
125	188
143	82
255	65
2	70
239	46
239	3
248	0
60	129
26	78
255	16
64	88
44	60
99	78
214	110
136	6
90	11
252	72
102	28
251	81
26	66
255	196
165	121
143	64
200	74
85	98
46	183
247	118
251	249
40	56
103	0
255	20
207	102
188	20
249	87
235	132
153	6
234	25
202	17
142	0
156	33
229	158
255	97
255	220
206	13
25	29
220	72
242	116
102	86
51	46
165	224
51	134
255	240
253	84
57	118
248	2
20	48
77	32
29	18
176	5
150	58
255	176
42	66
54	118
253	115
42	152
40	16
227	6
255	159
143	193
35	51
154	47
110	68
93	114
249	50
198	95
253	13
26	41
248	11
244	41
67	71
142	51
10	13
252	44
6	204
20	8
140	90
47	86
6	157
34	187
2	43
168	48
255	3
181	126
38	101
251	48
150	77
16	12
255	171
174	7
167	44
240	28
253	74
200	39
5	164
191	77
197	65
204	46
32	1
255	115
88	19
255	189
158	113
157	52
9	56
250	8
177	214
255	69
254	79
243	23
255	40
112	23
57	35
194	46
12	172
41	47
155	58
204	2
254	18
248	70
239	59
38	15
131	143
220	30
253	21
95	105
117	122
247	45
0	121
205	93
254	102
98	68
224	158
136	104
226	169
236	199
250	123
201	254
32	48
171	80
177	8
108	178
35	27
193	112
164	25
214	160
237	13
207	121
35	221
231	39
48	198
218	103
44	94
3	95
252	39
50	102
248	40
250	25
251	81
189	131
31	43
166	54
41	16
178	75
255	178
255	120
17	146
138	38
216	64
187	1
160	23
193	39
178	0
11	54
142	36
242	92
255	170
134	17
238	7
205	36
247	68
55	61
7	77
252	91
255	32
204	36
255	148
255	65
245	63
221	125
128	76
16	35
194	67
198	35
244	23
177	189
177	166
123	41
180	2
131	196
76	21
210	144
234	17
17	143
46	86
40	95
0	10
230	208
255	156
130	140
132	148
154	142
240	94
239	48
215	59
182	103
206	17
131	24
7	106
146	132
16	142
241	105
42	41
138	67
254	29
249	119
115	144
250	49
255	139
239	70
36	60
217	92
83	215
37	33
101	36
178	89
135	18
110	22
151	95
33	116
115	3
254	8
255	152
248	18
168	33
104	92
255	35
223	39
255	47
14	13
228	19
192	3
255	213
9	135
28	74
10	67
252	72
81	92
1	136
31	18
12	124
171	41
9	12
121	25
255	129
126	171
255	71
25	62
186	18
157	145
192	22
135	248
255	254
141	115
205	185
209	35
255	241
237	63
243	84
255	82
253	58
6	35
246	16
186	61
89	21
1	124
22	141
254	72
205	1
253	161
230	159
249	38
255	0
235	53
27	35
255	117
141	167
59	68
169	114
130	26
72	120
242	35
73	50
18	26
203	53
253	30
76	110
149	175
65	10
241	46
255	89
84	56
167	82
161	139
230	8
121	19
232	49
140	140
5	190
136	140
55	21
175	62
184	56
255	115
222	118
181	5
218	50
253	40
43	12
44	91
36	25
101	45
92	35
255	251
148	71
66	95
54	19
254	48
22	38
250	69
25	28
200	54
152	15
183	86
255	232
70	32
194	93
248	8
84	79
158	137
91	185
254	15
199	21
27	221
12	127
248	54
165	8
212	107
62	173
247	29
255	62
243	42
237	37
255	45
230	152
254	25
156	125
255	123
56	214
160	80
19	130
49	88
66	98
225	238
253	3
39	46
129	2
114	150
255	235
254	1
77	81
72	165
255	102
140	133
255	169
255	37
133	44
56	112
248	23
120	25
14	32
96	98
126	58
133	28
83	15
170	164
194	6
54	19
242	188
241	43
12	172
0	66
163	91
250	30
139	14
255	179
91	70
48	66
209	52
35	162
10	9
178	9
255	61
244	96
248	19
147	30
208	136
177	25
246	93
248	201
204	81
253	32
248	26
86	63
173	40
2	40
255	97
52	59
194	52
55	193
253	40
119	6
255	50
255	80
245	127
144	6
184	8
2	157
131	83
165	121
13	131
153	45
173	243
194	90
39	31
149	43
83	133
216	60
145	16
255	205
217	74
7	20
121	44
226	22
255	15
208	86
74	45
70	129
234	10
231	34
37	106
188	45
206	62
200	55
174	25
149	49
255	22
255	63
210	46
194	176
110	178
255	105
197	6
255	184
107	6
12	116
255	28
255	38
219	65
43	145
175	198
113	57
178	85
254	57
232	33
57	86
246	25
134	140
40	87
212	18
157	63
255	67
255	33
188	206
137	227
197	15
132	209
255	56
255	11
254	91
178	103
131	15
255	49
39	127
210	19
255	77
231	8
81	40
47	82
255	140
69	178
39	115
255	32
162	155
219	64
144	3
245	118
141	98
122	90
202	123
3	3
41	183
31	223
38	67
98	74
18	41
254	67
135	41
255	80
104	181
220	143
81	192
248	53
253	66
255	194
12	160
228	111
244	0
247	61
222	16
12	62
248	29
178	77
198	24
250	2
255	11
5	12
253	50
140	65
157	177
52	104
208	19
3	125
201	51
250	58
210	59
80	15
255	14
212	126
34	133
197	40
78	21
234	6
8	22
255	241
255	161
255	194
12	12
7	18
248	2
33	162
41	157
127	118
207	107
176	27
252	50
83	58
255	49
255	254
69	30
180	198
106	20
13	54
147	34
22	137
241	33
184	35
157	147
255	112
15	12
209	111
200	51
33	99
156	82
16	50
105	100
39	96
19	23
255	2
155	182
255	56
255	47
149	93
255	43
255	20
255	207
255	140
153	241
255	159
190	17
246	8
110	4
202	17
103	41
22	56
248	3
53	157
116	60
163	65
255	125
255	196
75	73
255	62
214	157
172	87
24	35
158	17
151	2
7	116
86	111
249	22
160	78
189	68
255	120
69	159
6	32
238	94
184	58
255	132
229	7
245	51
200	71
224	17
0	195
208	75
134	20
88	192
255	82
255	219
50	20
255	27
255	186
142	104
249	3
169	60
74	54
215	37
13	105
193	41
243	28
235	79
163	68
107	61
123	85
7	239
185	93
137	135
255	87
21	24
255	145
185	176
109	144
255	159
89	132
247	57
255	144
61	91
11	24
155	87
208	207
158	36
195	112
251	92
113	93
255	127
23	94
37	23
228	34
40	88
254	20
81	15
255	220
81	204
250	20
255	204
249	12
255	37
228	1
248	79
21	2
145	196
45	54
68	37
255	118
51	216
248	88
34	57
255	72
194	85
254	86
199	138
201	33
175	9
119	14
23	44
138	4
255	232
255	190
215	22
232	24
11	126
13	187
31	234
14	164
204	28
59	182
147	41
70	39
252	24
42	16
242	8
114	128
255	6
248	120
16	78
218	132
254	56
42	27
58	27
212	94
102	12
248	123
120	10
31	17
137	45
201	177
246	19
43	158
125	51
255	111
24	26
255	209
163	111
215	180
144	109
27	21
22	26
42	52
127	6
16	41
220	26
243	60
113	100
251	65
179	35
255	28
10	38
59	70
33	41
183	38
156	16
140	73
134	105
255	0
244	123
49	167
255	30
255	79
223	46
160	58
107	61
174	54
7	197
238	28
77	1
15	11
102	66
73	33
254	45
255	79
24	82
146	125
24	97
214	10
78	73
15	213
219	53
174	21
254	29
34	40
254	84
175	30
16	20
255	151
236	59
184	21
110	10
237	91
141	58
62	105
20	91
203	123
181	68
17	4
16	108
46	120
2	85
22	86
255	94
167	125
244	6
120	81
255	170
255	59
220	104
176	34
243	128
255	117
255	124
253	14
55	76
28	35
224	46
206	2
15	20
22	3
255	158
224	125
73	118
163	190
255	70
88	107
255	174
31	6
219	84
84	2
255	98
131	43
254	33
209	1
221	51
167	151
135	200
255	138
227	20
0	21
162	136
255	31
147	57
30	130
255	40
252	62
106	27
110	128
255	208
28	110
255	63
96	31
234	149
241	29
132	158
253	36
249	121
255	205
166	13
197	171
42	12
255	32
221	101
227	34
102	48
10	47
142	171
118	132
225	20
253	145
240	131
255	36
129	56
48	14
179	20
179	190
250	101
128	130
255	231
243	28
75	7
247	146
194	34
43	19
255	50
255	136
69	79
46	198
193	32
248	82
236	74
164	8
157	124
255	152
255	191
250	29
119	77
255	239
243	8
225	3
225	42
153	222
255	253
9	32
100	36
123	98
40	157
93	158
8	16
252	149
255	210
48	65
147	83
102	56
232	8
133	37
188	113
254	17
240	15
237	6
6	73
26	140
224	98
255	16
39	60
18	80
188	77
243	17
206	42
45	41
104	149
123	19
181	80
51	56
193	25
253	35
77	12
43	90
21	23
185	139
245	46
121	45
255	147
34	204
253	22
201	118
255	41
255	85
69	81
57	72
255	112
8	64
223	32
11	62
17	167
108	100
255	74
188	191
24	102
126	68
147	15
14	54
84	23
92	212
240	185
66	78
17	86
72	7
237	113
45	10
133	75
255	59
24	42
212	112
220	37
92	17
255	98
181	88
103	132
30	23
24	29
219	17
23	31
69	178
54	146
32	47
13	71
255	35
255	224
164	88
66	50
6	55
184	36
175	17
235	88
255	12
255	181
255	189
144	22
9	69
85	113
7	49
241	93
79	12
251	21
146	191
176	203
252	7
255	168
67	76
9	41
193	95
70	33
255	71
37	24
204	9
36	215
160	94
194	129
252	0
7	117
126	82
251	15
96	52
252	28
51	58
37	42
62	10
1	65
195	83
66	42
228	4
41	25
248	12
227	53
145	53
238	23
56	154
198	88
221	83
164	213
193	5
146	21
255	151
135	88
49	117
255	196
254	2
16	130
255	87
5	58
231	55
193	116
110	73
221	46
84	2
251	146
72	126
255	112
103	164
149	16
248	25
4	54
255	66
78	176
167	49
221	122
97	230
255	233
248	26
255	140
108	13
249	240
170	74
73	10
255	175
135	17
207	211
86	18
92	152
23	111
138	10
57	174
6	77
111	43
110	148
208	3
213	39
255	83
171	11
219	78
253	30
255	151
17	31
56	106
67	211
69	30
255	85
98	101
38	94
246	46
198	112
88	16
4	10
254	9
96	98
255	47
143	104
91	29
202	10
255	213
110	42
253	50
221	9
63	129
24	16
224	19
255	222
63	97
2	55
198	54
178	0
67	143
248	38
43	43
48	8
17	21
187	22
255	67
73	8
183	93
244	25
63	137
97	37
216	69
158	98
226	51
102	76
177	51
255	103
244	40
255	129
130	39
255	8
255	110
201	171
181	149
128	44
16	74
253	159
141	73
9	139
134	89
255	66
66	70
21	40
176	13
19	55
241	62
17	73
198	141
255	230
27	121
107	147
246	116
223	106
255	94
35	68
7	36
255	170
49	168
141	40
155	124
169	136
162	160
32	202
252	19
203	63
76	101
255	19
251	17
57	33
255	18
236	208
78	200
241	26
252	146
238	81
32	9
255	149
255	73
185	15
70	41
228	81
125	96
165	21
25	25
19	112
215	9
84	54
255	231
9	180
5	50
211	145
43	131
255	120
192	29
242	11
24	11
223	3
255	186
111	66
200	78
250	10
145	111
90	218
80	131
255	54
183	94
32	15
116	121
224	120
21	63
42	89
255	3
119	239
56	63
249	30
248	54
181	129
141	62
17	251
128	87
29	117
175	129
3	100
35	27
92	116
255	16
194	153
28	72
192	38
30	16
61	232
202	147
171	124
22	216
255	121
255	175
27	124
96	128
244	6
243	138
111	40
201	172
255	25
215	92
54	176
105	123
153	151
239	57
255	23
32	82
94	116
255	42
123	210
244	49
227	151
135	89
34	129
56	119
252	159
218	211
24	51
254	89
254	21
158	202
49	37
3	198
237	53
254	39
55	94
255	197
22	73
174	81
242	96
209	107
162	58
254	30
190	17
166	59
252	55
255	102
254	90
156	105
76	98
253	3
255	84
255	247
212	133
11	1
234	140
245	86
242	79
44	158
255	33
157	55
39	49
37	52
100	36
255	58
133	16
63	59
225	123
248	8
196	221
62	22
93	86
197	172
212	92
252	2
21	107
254	0
43	120
229	15
255	81
127	197
252	5
198	138
242	134
163	114
14	87
255	48
207	3
140	41
142	142
234	86
164	171
236	75
255	222
242	50
156	74
82	128
169	98
45	24
48	42
233	11
57	140
255	146
117	160
161	18
199	140
255	128
255	118
122	130
216	44
19	206
209	85
6	201
4	69
249	26
255	185
153	220
45	3
138	49
157	93
23	10
255	113
230	34
9	186
247	146
255	110
28	32
253	10
255	194
0	84
159	25
249	32
120	60
234	9
83	135
227	6
127	251
255	55
220	74
231	28
175	44
68	15
252	20
255	255
69	44
255	187
198	26
52	99
252	13
172	57
13	56
255	98
194	188
138	58
234	45
163	55
240	5
19	8
161	190
42	212
128	27
254	55
248	25
49	227
255	223
73	17
228	0
255	66
255	121
237	250
212	33
255	59
23	55
138	33
153	205
235	35
206	109
255	200
35	65
95	85
255	7
9	100
240	38
184	118
39	61
194	27
3	62
211	109
94	49
174	75
255	160
93	1
236	6
81	102
49	14
229	72
255	88
254	7
255	102
251	79
191	25
200	40
255	76
231	91
221	82
245	95
253	43
163	137
246	3
56	102
254	68
245	13
137	25
36	118
103	67
254	30
39	97
154	124
171	20
23	15
75	71
39	20
238	3
255	178
255	99
251	4
29	118
187	72
1	178
246	1
50	45
255	217
147	84
42	32
217	23
255	70
135	120
99	95
196	71
17	237
179	95
217	8
15	111
197	21
213	185
164	8
100	16
104	18
179	12
255	117
248	13
8	0
255	227
207	9
3	3
23	75
0	40
68	18
255	212
243	52
238	143
144	116
173	13
236	0
76	40
1	11
13	112
157	43
191	69
241	103
130	153
106	40
197	112
2	68
255	62
255	45
234	90
79	87
155	95
227	103
249	38
106	2
255	148
255	133
228	137
134	7
7	88
255	55
255	47
211	30
255	87
255	27
93	29
185	12
62	52
227	65
92	151
124	15
171	149
131	7
223	25
209	108
250	77
41	4
192	124
255	64
210	147
87	31
255	126
164	73
255	19
205	67
150	4
126	72
213	87
246	214
255	68
180	35
103	146
212	136
6	40
5	3
66	53
222	27
203	26
190	75
77	82
249	0
10	17
230	209
250	67
33	143
224	75
212	66
25	15
255	124
231	62
222	204
246	22
83	4
255	174
129	62
25	109
37	23
255	66
51	148
249	9
37	2
235	106
194	82
212	14
3	49
232	44
190	24
92	203
150	84
131	73
172	62
239	9
40	16
151	112
255	241
9	96
200	49
241	13
255	30
215	29
108	178
206	109
99	26
255	80
162	25
94	100
14	56
169	9
223	7
233	133
3	51
255	39
207	21
169	124
255	232
199	143
251	69
15	129
245	76
197	185
134	58
255	99
245	31
21	47
53	170
21	35
0	2
248	101
255	11
255	46
129	105
228	4
102	25
156	135
44	107
132	197
196	17
160	180
148	145
255	119
242	63
62	68
188	134
164	94
255	216
248	146
4	39
142	0
1	182
88	16
72	22
255	171
255	101
104	15
210	163
254	24
171	89
90	185
168	27
218	26
252	26
255	250
166	50
107	107
164	52
207	60
255	195
70	0
194	105
36	88
201	26
254	57
248	6
168	47
23	47
255	128
51	64
208	14
28	76
110	83
131	100
54	26
243	135
154	81
246	10
246	0
118	152
248	69
31	190
145	55
0	74
211	27
142	45
140	98
255	109
90	18
255	152
33	82
16	58
247	2
71	55
200	12
227	17
195	88
252	36
248	187
138	27
133	94
1	130
254	24
148	111
255	205
255	175
254	89
17	43
249	8
89	81
251	86
69	25
132	91
132	52
255	232
198	15
247	160
18	8
230	55
141	222
39	107
19	179
203	21
236	30
6	145
255	158
126	23
255	44
255	221
192	70
184	32
100	30
252	0
146	78
226	24
161	73
236	7
164	29
169	137
174	199
255	189
254	1
255	195
18	79
193	85
189	195
8	23
3	154
11	48
41	149
24	31
173	33
213	88
131	17
123	131
239	47
81	35
223	76
220	32
84	89
240	80
255	252
255	31
192	26
86	91
255	111
174	1
19	26
135	115
255	207
254	25
109	47
231	118
255	113
4	76
130	87
92	156
59	12
31	82
100	61
226	149
186	153
217	7
137	80
120	68
62	143
49	135
255	16
254	4
177	164
229	60
185	254
255	169
170	15
16	214
255	120
255	68
255	61
252	101
255	22
167	32
9	235
187	68
135	18
164	100
255	33
168	116
216	59
255	81
174	23
134	14
167	151
255	46
94	157
68	34
29	1
199	161
233	85
7	10
239	7
7	84
161	19
199	65
217	65
254	4
146	49
252	21
20	105
254	24
228	129
20	6
207	31
165	125
255	196
233	94
230	82
80	171
255	202
255	150
217	54
31	5
235	1
53	98
255	80
246	141
143	9
204	61
150	90
12	36
224	73
46	29
39	52
128	42
255	138
21	78
255	182
22	82
227	21
200	208
81	16
252	22
0	40
3	79
107	143
70	1
252	14
79	48
85	241
221	176
219	39
8	71
87	71
94	6
24	103
140	154
179	52
107	179
71	29
53	12
148	20
19	70
186	221
238	28
255	69
64	111
22	93
220	83
213	122
179	91
60	145
142	111
27	233
245	11
222	4
255	153
21	5
234	81
175	132
12	45
154	209
177	143
246	93
249	33
215	9
197	138
14	118
56	17
255	153
229	177
8	23
205	193
68	22
18	102
255	98
175	71
121	83
15	26
202	211
255	101
170	9
24	157
145	215
255	166
4	111
208	122
234	157
159	23
161	7
234	148
236	17
255	22
82	37
61	37
210	23
212	114
131	222
123	155
241	126
36	88
233	54
148	0
104	73
34	69
236	17
247	75
6	13
154	144
36	43
92	79
128	211
112	148
62	9
254	5
113	7
255	55
255	13
42	216
178	84
192	6
96	116
248	31
177	16
48	64
255	26
41	74
0	79
192	44
5	94
255	7
89	34
30	15
255	4
105	27
80	21
213	109
221	174
5	31
126	121
14	26
116	14
51	42
173	109
246	134
255	70
248	75
30	69
251	19
38	180
237	39
240	78
228	26
251	23
255	56
58	30
68	36
252	7
255	190
34	23
23	84
118	137
94	60
32	64
28	85
22	103
39	222
10	124
114	107
231	132
77	114
254	31
255	216
234	129
170	30
211	89
5	61
22	53
64	84
149	138
255	233
37	197
199	25
241	175
158	55
207	110
5	120
255	192
234	51
238	99
79	158
204	37
186	74
252	61
249	13
213	43
125	245
236	89
226	90
190	18
114	17
255	114
23	48
51	198
96	118
72	223
255	63
85	47
255	51
247	180
255	152
163	65
137	94
240	79
0	13
131	186
75	27
200	196
230	114
195	55
51	68
252	9
192	74
13	154
43	129
6	25
153	25
254	30
32	10
233	73
243	98
222	51
106	84
106	134
255	185
227	23
22	102
79	197
255	250
242	8
4	80
22	23
251	152
42	58
14	73
191	138
135	52
29	155
253	48
89	158
129	186
0	5
6	49
255	32
228	29
85	14
103	118
70	76
166	185
232	129
255	206
255	79
242	2
111	9
243	146
255	151
255	244
252	7
246	33
244	17
227	34
8	32
199	126
233	57
112	200
162	102
2	125
255	220
146	5
242	114
231	24
8	8
137	153
255	112
80	38
32	59
186	19
255	1
168	4
94	91
255	72
41	58
201	21
255	144
255	218
13	74
255	105
254	126
152	110
118	60
27	134
1	126
200	145
17	82
209	118
254	86
107	7
170	5
51	81
210	4
31	41
255	249
177	145
157	32
255	96
103	112
255	88
226	43
249	185
55	107
219	40
255	60
15	90
148	13
28	133
104	84
248	87
251	17
130	10
252	6
140	95
32	123
250	25
255	3
21	155
171	52
253	44
255	47
150	2
67	66
118	46
244	92
218	87
253	56
218	4
62	38
167	87
252	37
161	23
172	23
53	145
212	14
16	63
143	65
51	114
5	78
180	56
90	5
173	135
255	241
161	32
167	94
255	11
248	48
12	87
38	198
0	126
254	17
84	64
26	94
255	145
214	7
244	76
250	19
40	96
255	239
255	105
255	180
91	0
174	109
8	145
255	157
127	2
103	181
196	40
254	28
255	180
163	16
231	156
232	133
254	76
175	156
161	43
159	17
255	59
129	40
196	89
255	247
219	21
255	119
74	29
6	69
255	199
255	84
243	6
255	6
105	83
9	24
185	0
253	143
206	3
197	91
132	26
201	39
255	207
67	44
236	18
15	128
7	69
253	21
56	140
184	23
155	214
43	67
203	45
31	191
254	8
174	83
226	6
96	39
84	79
53	61
253	46
94	7
246	65
253	72
225	110
42	93
252	5
184	44
189	58
147	104
255	7
207	127
29	72
112	18
15	57
255	194
63	0
155	16
192	24
28	25
128	79
225	48
127	10
233	118
170	135
26	93
137	67
173	116
124	19
163	11
246	146
161	3
6	34
195	6
255	208
201	2
175	53
13	96
220	13
209	10
53	16
79	106
255	149
255	90
255	169
113	77
254	1
184	38
3	17
235	21
211	43
132	75
58	102
216	154
50	29
249	15
232	10
201	58
22	49
103	26
94	141
242	23
124	88
138	90
135	119
143	163
254	32
13	121
54	25
30	183
248	23
161	21
70	113
11	212
249	89
114	75
79	2
238	78
62	180
46	32
156	58
197	40
112	53
242	106
227	5
40	95
255	114
67	92
252	14
47	24
231	157
248	133
254	13
77	70
226	20
236	143
255	32
5	46
249	52
202	60
255	128
208	26
53	39
22	28
64	88
187	110
145	42
255	25
52	87
195	92
197	63
180	107
255	32
11	45
255	42
41	91
13	8
255	37
165	62
255	196
190	6
38	59
142	30
98	65
163	36
214	10
240	17
214	22
254	13
233	14
77	32
249	56
85	12
6	29
17	44
130	170
255	17
1	101
240	94
118	103
255	21
204	155
172	119
131	75
87	24
26	18
255	132
213	29
33	129
177	51
73	7
255	65
247	25
247	39
222	84
164	143
148	8
224	77
174	22
143	79
5	78
123	28
97	50
243	15
19	252
183	153
2	1
233	79
238	48
221	42
250	25
193	49
58	215
221	33
240	116
68	34
52	48
163	134
242	23
161	60
212	2
218	218
56	11
170	17
16	83
59	58
44	94
221	119
96	9
40	26
160	57
37	114
34	151
240	54
206	126
171	74
248	42
224	216
222	21
76	54
228	34
243	15
177	43
175	28
94	70
44	40
242	24
93	80
90	22
242	41
188	53
11	26
253	76
39	81
253	116
182	76
213	43
104	101
127	169
253	9
26	5
9	193
249	118
99	10
255	91
220	9
165	52
169	123
12	197
211	48
248	71
34	111
5	8
109	108
255	190
73	74
254	71
190	97
244	16
20	79
125	23
189	84
191	2
26	168
16	179
51	201
139	120
179	95
244	32
243	14
233	66
255	28
195	62
240	88
84	197
5	36
197	149
255	98
209	65
137	28
173	135
27	72
231	38
148	86
255	1
255	247
252	7
114	104
8	170
2	78
136	13
217	63
164	6
102	62
255	184
255	113
182	127
193	25
111	89
255	190
255	32
253	46
216	26
168	70
120	87
231	45
196	27
189	59
255	97
44	74
6	42
202	42
7	90
21	40
195	78
255	21
5	53
241	52
0	189
132	104
69	159
227	17
234	28
90	150
164	22
255	134
255	72
10	118
232	9
0	164
99	140
157	126
203	78
115	21
28	68
130	122
241	57
165	40
146	63
44	115
247	51
207	144
167	88
203	88
5	66
158	96
8	150
209	227
154	86
142	205
2	46
180	76
255	204
14	56
236	20
95	54
245	91
243	52
88	72
148	39
255	48
103	18
255	146
212	72
228	5
255	70
129	62
255	35
255	114
26	98
57	23
207	52
233	49
88	4
43	81
179	21
229	170
209	44
15	5
251	82
8	84
230	143
160	130
255	84
245	80
207	81
250	59
200	103
158	24
255	59
232	16
241	16
96	127
240	47
255	69
251	22
20	23
194	48
100	94
89	27
25	223
198	42
255	177
178	67
169	59
255	123
156	67
229	102
35	207
10	69
211	6
162	117
34	70
202	16
147	125
255	36
225	83
255	179
7	39
203	133
192	2
255	202
255	220
195	0
148	54
2	87
255	84
254	145
17	2
255	169
160	45
255	90
230	24
194	18
44	148
155	0
197	88
132	126
168	60
11	105
255	183
13	117
25	16
255	161
25	54
8	205
6	25
252	95
240	20
255	91
62	25
48	153
33	115
244	2
118	159
27	4
165	39
1	55
59	60
37	128
204	16
123	143
244	137
229	60
231	97
44	75
57	5
255	20
254	27
95	172
247	2
255	109
39	74
95	83
248	77
41	59
64	60
99	43
12	146
91	126
52	42
255	22
10	79
40	131
160	46
211	121
232	50
226	31
19	65
255	11
103	59
254	37
255	104
194	180
255	192
49	71
91	0
255	120
96	40
239	134
181	22
253	31
210	13
71	55
132	5
0	29
38	84
226	41
203	153
197	51
2	181
145	191
195	60
244	9
18	221
134	24
223	81
223	32
255	98
11	21
21	93
255	136
154	126
10	117
241	13
255	154
185	62
206	92
255	16
16	8
153	10
236	80
252	141
38	185
240	171
55	151
91	170
255	67
113	84
113	7
40	23
72	90
255	27
224	60
255	136
190	176
255	84
111	43
97	91
23	66
226	104
255	244
27	66
121	127
11	76
169	49
238	164
12	34
45	4
17	48
195	217
255	60
53	187
35	61
136	74
35	16
81	45
255	86
255	179
113	193
253	41
28	58
178	17
176	66
8	57
73	111
49	17
46	13
8	23
216	3
132	137
255	148
18	22
255	216
93	26
37	43
9	103
192	64
252	36
34	170
48	59
253	34
250	95
134	100
32	34
19	97
241	30
197	67
195	77
55	3
72	160
255	7
17	43
233	168
193	15
255	8
155	21
30	69
253	59
68	57
59	11
255	85
202	102
17	20
233	220
67	116
193	2
43	168
254	124
174	28
94	194
181	155
41	58
255	31
125	10
1	3
244	26
43	153
200	19
182	28
24	167
54	4
93	55
87	52
252	15
4	21
14	139
180	77
189	98
39	34
46	183
132	30
255	13
255	110
127	53
162	140
179	2
194	82
241	74
75	58
197	103
82	11
255	67
247	130
31	21
254	14
255	91
2	190
233	51
114	139
154	0
91	242
255	94
138	124
203	35
0	104
35	10
20	185
56	9
163	209
59	4
253	93
146	79
153	175
18	40
208	13
255	127
247	39
98	214
200	54
225	36
8	122
74	115
203	141
230	92
205	43
206	56
82	190
255	77
255	28
246	117
186	61
205	22
255	202
129	28
39	97
153	210
11	125
211	87
155	92
210	83
185	140
1	183
47	204
152	34
134	45
147	22
238	1
107	80
156	26
209	83
51	82
98	70
157	102
255	65
188	203
206	30
17	6
180	175
193	15
232	155
254	13
185	23
249	27
253	44
91	13
139	89
221	63
158	54
66	75
45	11
140	47
194	11
214	29
5	192
235	44
75	12
255	74
44	58
198	21
248	0
12	152
75	112
65	23
205	60
31	14
92	18
59	32
25	173
110	73
83	130
232	35
241	39
113	164
249	10
49	86
240	19
199	125
3	22
0	60
193	18
255	161
71	78
255	126
237	54
255	150
8	58
186	30
245	56
246	70
18	4
23	84
249	40
131	3
235	124
208	38
167	73
127	128
66	18
79	184
4	58
149	53
27	144
103	166
161	53
8	54
59	78
11	18
255	68
191	96
255	202
247	34
255	24
148	7
199	57
235	29
15	142
25	0
255	30
103	164
74	35
156	181
53	118
246	17
224	66
89	21
14	72
192	56
21	27
111	6
255	102
255	41
255	180
254	22
83	106
53	181
210	53
14	163
59	27
53	34
220	78
184	31
15	235
88	108
139	82
48	86
233	65
4	12
228	33
97	176
170	148
36	66
255	62
199	92
90	21
6	53
173	50
227	27
255	233
33	98
253	25
255	90
254	21
248	25
220	60
205	9
147	151
204	159
211	28
144	155
137	102
119	58
213	115
142	205
73	72
253	29
244	57
159	0
17	107
100	29
83	28
117	56
255	74
163	185
255	167
34	176
3	89
220	129
20	54
202	105
253	28
216	120
255	30
252	7
141	76
229	3
240	65
209	21
182	24
91	99
249	5
225	14
255	196
6	48
166	47
242	153
106	34
86	64
37	168
0	203
52	2
198	93
252	91
116	57
78	53
184	17
155	23
20	22
105	55
43	14
208	27
226	163
255	155
203	92
255	146
197	21
198	89
255	22
248	4
7	189
152	58
193	110
201	35
71	50
8	5
255	135
252	84
250	116
255	75
200	54
134	58
3	145
249	242
0	27
137	38
65	54
37	61
106	5
255	183
255	191
174	80
196	1
197	46
119	102
254	53
141	54
200	44
221	50
3	66
254	56
8	96
255	221
247	44
135	82
212	15
255	35
243	18
255	231
253	61
255	239
236	5
20	66
96	198
98	6
252	34
240	57
152	80
251	12
20	58
255	48
226	49
194	15
168	205
142	53
205	133
160	23
142	0
136	119
56	79
255	156
255	91
254	9
255	26
207	13
143	46
255	69
145	45
59	151
202	193
244	8
243	12
128	111
252	99
232	59
26	21
147	47
237	42
160	104
165	180
243	1
217	66
73	54
155	127
254	0
231	123
244	146
255	213
107	31
41	93
255	165
249	127
251	34
164	39
205	60
254	18
255	220
255	217
127	155
255	128
255	247
65	93
254	12
90	90
252	7
255	27
255	241
227	41
254	22
13	101
245	114
29	28
255	208
41	107
85	133
252	74
90	26
253	32
255	95
218	67
255	182
243	51
10	155
207	123
10	187
183	82
255	188
19	192
253	19
49	29
244	54
43	21
158	108
197	50
235	136
111	16
254	79
251	3
96	16
22	21
179	67
240	14
254	20
255	114
83	17
255	1
252	2
160	198
47	202
8	26
48	173
85	60
253	40
254	77
23	94
144	38
208	109
255	115
1	101
177	1
236	161
41	133
182	45
57	100
137	132
241	93
251	19
5	186
246	47
224	25
255	197
239	9
236	23
165	61
176	35
255	253
255	234
140	10
34	16
68	158
252	68
66	36
255	11
88	211
255	198
121	58
252	156
194	83
175	123
132	3
178	95
176	27
230	82
103	28
195	199
122	15
183	125
52	2
122	5
152	46
60	5
134	27
84	96
192	39
91	31
67	108
244	56
146	11
129	60
255	203
197	11
255	9
1	15
199	122
99	184
12	51
241	15
255	208
38	33
129	25
60	200
15	40
239	1
35	209
255	209
255	159
201	39
255	8
61	52
248	2
133	29
52	60
226	38
64	0
16	115
4	130
5	28
255	173
255	131
16	70
180	71
162	202
251	17
89	220
90	3
222	24
255	59
148	174
10	83
213	15
255	84
192	60
209	117
255	69
190	110
255	181
220	153
20	95
118	169
222	72
159	91
2	19
225	124
122	64
65	42
214	27
15	15
255	236
52	117
130	0
105	0
131	45
126	15
255	39
225	33
136	64
223	32
248	65
26	7
160	21
231	86
5	56
226	65
49	126
36	215
176	24
210	100
153	19
154	22
28	20
3	13
8	42
253	83
225	25
47	83
244	20
226	24
231	156
199	92
245	5
173	37
3	68
255	135
227	45
228	51
209	15
152	73
10	78
255	97
255	174
25	121
53	103
144	149
217	62
190	26
19	3
121	61
44	203
240	25
255	74
3	49
181	186
5	58
81	93
8	8
255	175
231	26
4	38
2	79
232	57
156	9
137	38
171	17
81	6
255	49
191	178
235	90
186	107
210	187
254	29
160	98
248	37
32	83
25	11
4	7
145	72
59	62
249	3
225	84
82	39
249	17
130	104
255	223
69	73
216	21
255	7
1	189
251	80
233	104
255	104
11	3
55	63
192	76
255	161
255	111
225	119
230	56
249	115
225	162
24	37
162	143
24	148
40	140
255	208
255	150
255	68
200	38
255	236
238	111
59	69
192	145
40	22
22	61
255	234
225	197
7	3
94	18
255	28
45	154
68	15
255	24
255	214
160	52
37	43
255	37
251	229
100	24
61	46
188	171
79	23
32	143
240	16
8	58
11	223
247	59
137	221
149	32
4	89
118	56
255	30
22	75
41	60
58	20
137	85
22	78
24	26
20	123
139	10
62	29
198	9
255	127
2	188
128	143
246	47
97	63
77	50
242	10
239	7
157	54
43	129
227	57
45	63
252	117
124	191
13	34
27	137
214	201
168	59
252	52
255	1
8	123
255	133
255	123
90	51
79	105
46	167
255	1
41	55
49	51
198	153
252	30
255	73
245	1
130	41
183	255
7	37
7	63
254	87
236	50
30	80
255	178
250	91
228	157
255	160
169	224
251	3
239	52
131	61
239	89
40	20
16	3
43	28
191	162
250	137
38	11
214	148
255	92
198	20
1	176
62	68
192	119
150	60
226	30
254	18
185	176
107	138
233	102
158	7
86	65
125	11
207	195
255	161
255	51
255	70
197	55
249	47
107	60
255	132
168	81
140	26
53	5
13	157
71	152
146	39
56	23
176	141
163	20
224	9
37	59
100	11
246	72
7	145
155	94
254	4
164	6
236	35
248	58
141	88
255	175
231	23
244	74
144	33
138	123
127	20
144	136
20	10
109	103
233	57
150	60
18	86
5	189
12	96
46	17
255	174
135	126
84	66
154	46
107	26
255	79
255	152
135	16
34	53
30	78
122	100
21	117
199	18
255	197
253	27
255	32
134	76
146	140
255	98
255	15
15	11
34	148
133	59
77	59
89	143
4	17
201	112
22	132
254	1
189	116
127	78
61	42
60	42
97	107
103	68
255	5
222	41
63	101
116	30
154	12
209	173
66	87
165	53
237	107
240	30
147	88
207	49
146	121
85	38
255	8
241	15
225	13
246	90
254	3
255	216
254	89
236	28
255	58
102	39
208	114
152	79
121	12
164	27
255	60
51	5
247	7
77	64
104	75
230	196
252	102
255	135
255	237
235	19
56	16
145	42
128	115
255	180
254	61
167	135
114	6
232	2
247	42
161	173
71	23
48	139
236	87
239	210
255	225
230	22
255	2
241	113
33	121
96	75
41	190
255	137
140	111
37	56
143	84
24	26
255	123
65	55
255	103
254	47
166	15
107	126
172	217
188	14
30	77
214	7
254	11
190	9
240	35
128	116
177	146
253	178
162	87
52	94
5	238
30	56
145	50
47	218
227	150
11	155
254	12
255	160
14	33
230	200
198	140
135	2
173	11
111	89
15	98
13	89
188	96
132	5
255	237
255	66
254	31
239	44
159	50
211	118
255	135
73	29
255	175
255	76
226	82
48	180
255	30
83	102
253	53
115	6
255	136
5	13
79	148
251	75
61	156
255	118
233	32
139	20
218	47
255	100
254	29
55	47
41	71
19	50
240	12
169	118
183	84
202	73
77	62
141	120
83	103
245	90
234	51
22	12
255	107
128	135
198	26
255	121
113	85
249	7
159	171
45	72
92	196
255	135
178	91
199	54
19	27
255	200
255	130
255	116
152	89
136	120
170	52
174	108
95	251
102	148
141	92
18	222
161	4
250	92
69	3
255	68
239	37
189	48
208	154
211	37
5	71
149	121
234	137
78	46
247	55
169	173
249	120
198	95
95	215
14	25
212	68
252	11
101	67
19	116
124	204
136	128
94	11
71	144
229	73
20	68
197	88
90	136
80	8
20	76
128	133
255	5
73	106
255	171
162	30
255	93
73	93
16	116
68	91
35	28
242	74
201	9
34	18
173	101
255	19
255	20
252	25
109	116
124	72
19	72
77	122
199	195
55	16
246	16
240	27
178	139
16	70
24	102
255	221
88	134
207	74
11	4
219	63
253	21
97	91
255	14
254	14
159	22
18	180
36	60
76	1
183	116
245	115
17	38
194	64
2	58
93	107
231	180
73	53
255	200
171	81
255	120
222	31
255	38
241	12
96	84
251	83
33	6
58	109
106	7
255	127
43	9
119	179
244	15
163	200
33	36
234	78
243	10
71	17
244	9
255	182
198	48
82	10
178	142
156	131
146	71
198	21
40	35
255	13
112	17
0	71
242	82
242	88
213	174
199	131
226	83
13	34
255	89
101	14
23	50
114	154
10	70
241	80
7	116
240	95
252	7
54	12
61	66
93	221
224	53
119	187
145	49
250	105
255	207
163	87
19	42
97	81
65	57
254	15
209	20
14	84
255	157
58	33
187	119
230	13
174	48
70	25
255	124
247	101
255	113
178	49
190	78
238	2
175	84
20	33
116	92
255	46
210	89
82	211
9	213
255	142
255	215
14	9
92	93
238	76
13	106
253	25
62	140
229	51
241	5
230	75
46	53
220	29
62	123
65	164
158	28
236	65
255	185
255	55
205	13
133	219
254	18
183	55
19	64
39	1
40	113
183	46
221	198
249	50
250	145
5	173
192	2
155	77
221	81
235	47
190	206
149	17
158	69
234	69
3	19
142	42
175	139
252	29
226	5
251	0
255	177
242	119
9	50
227	12
255	207
10	49
39	12
10	83
151	31
31	143
28	79
255	215
174	154
255	151
168	91
192	33
72	77
242	29
175	252
255	191
10	212
5	46
197	43
41	59
64	6
254	68
208	77
232	8
254	18
255	172
75	81
212	29
233	43
122	24
183	91
248	26
192	2
183	29
137	64
34	94
52	220
57	29
4	79
20	50
117	25
34	101
63	112
20	34
4	23
88	158
255	25
192	103
64	8
1	4
7	66
24	17
206	123
11	15
132	65
216	129
107	16
13	24
143	93
191	5
149	89
27	10
255	43
127	65
141	105
255	135
14	6
178	145
254	25
254	77
11	141
255	77
81	84
255	27
10	138
231	100
128	36
255	121
194	42
255	251
255	169
247	6
254	26
62	31
255	157
175	122
121	110
110	60
24	117
22	113
185	189
239	98
30	106
60	23
193	68
140	3
255	61
250	138
17	72
102	48
138	75
174	8
41	62
241	2
11	27
111	107
197	154
255	36
37	62
255	74
48	181
193	113
254	17
219	75
248	78
145	19
198	26
123	29
131	17
31	145
9	89
0	103
226	124
38	23
246	2
255	5
232	18
218	40
159	107
135	2
255	32
80	156
96	81
195	221
142	152
147	190
226	134
172	101
18	147
253	22
230	11
5	5
1	168
57	105
255	154
171	71
247	41
251	9
25	90
223	59
242	29
21	7
188	153
255	33
74	26
255	180
5	32
202	124
57	32
255	235
224	25
118	125
224	80
0	14
111	71
103	49
240	92
242	62
2	114
225	42
0	146
245	91
198	72
183	92
161	73
131	183
18	2
12	21
255	72
249	62
255	196
166	86
120	166
231	58
255	126
198	84
169	30
71	12
56	147
158	36
180	6
5	40
224	97
133	37
251	151
149	69
27	51
46	78
239	131
0	144
11	151
255	15
254	9
146	121
255	160
107	49
75	55
16	13
127	6
180	165
148	178
69	59
100	95
113	163
48	45
224	89
254	27
180	213
162	47
232	1
12	150
232	32
186	82
73	225
240	40
62	34
232	77
71	255
38	85
234	66
7	101
248	0
255	176
88	28
203	62
247	45
255	104
228	68
254	26
2	98
184	105
201	99
254	85
255	54
159	167
162	74
134	117
190	160
239	17
25	136
0	92
255	96
195	61
219	22
112	86
255	126
8	106
22	11
255	114
254	15
28	152
119	4
224	92
241	54
249	181
225	47
221	98
141	132
72	37
255	27
247	66
31	104
209	86
25	36
141	77
248	28
239	1
255	118
58	147
14	92
194	107
242	71
14	20
138	55
34	26
186	2
196	21
29	50
26	112
23	123
103	131
140	97
137	16
255	208
255	60
242	148
204	75
184	45
250	6
89	58
251	87
24	43
241	15
161	18
87	96
184	60
30	73
231	13
209	120
6	23
53	3
71	86
6	131
255	61
255	112
205	139
219	192
194	17
112	119
7	44
255	52
240	49
147	13
90	123
237	50
252	31
255	95
111	116
166	21
255	120
2	43
23	126
199	16
40	6
244	69
23	152
216	39
250	137
83	141
255	165
255	203
254	44
250	79
100	34
205	101
18	10
130	86
114	54
194	24
247	86
43	23
226	41
255	120
165	14
142	127
176	0
204	63
255	223
132	152
27	6
255	116
225	17
255	6
255	139
176	101
144	139
104	44
229	82
253	40
57	66
88	71
179	180
129	6
255	186
149	74
13	188
255	42
36	82
8	179
179	215
230	24
255	76
255	9
255	9
9	243
255	142
255	162
255	109
145	119
214	6
28	6
196	16
48	22
68	107
246	5
160	5
245	191
61	14
251	34
225	7
255	89
135	19
227	168
162	52
86	27
48	19
227	67
138	29
129	27
42	81
164	29
125	76
28	79
255	162
23	111
251	37
104	210
24	29
219	73
244	29
45	99
0	25
134	78
38	14
11	213
20	19
255	60
65	108
134	12
235	82
249	83
185	67
255	8
255	190
237	28
84	120
8	93
36	154
253	11
243	1
69	12
2	66
255	204
255	52
53	81
255	160
102	26
32	68
253	153
192	30
127	51
132	0
251	5
217	62
255	15
253	15
100	5
30	175
253	10
4	203
20	17
255	27
255	167
46	196
255	46
255	185
55	152
255	11
170	27
81	160
36	165
84	43
88	55
67	23
7	35
255	203
196	1
7	40
52	158
204	137
148	78
221	90
66	156
124	98
92	13
162	27
22	84
209	165
194	51
134	95
34	72
255	158
210	134
231	135
228	34
177	102
21	29
220	52
255	33
42	26
142	32
39	168
193	17
28	183
196	147
242	66
38	82
255	111
23	50
72	17
30	101
137	89
241	113
166	77
255	120
250	2
88	102
161	49
252	52
7	117
237	56
38	107
149	83
48	130
255	197
235	62
196	212
11	41
255	11
75	67
219	28
255	1
71	174
255	89
10	111
209	27
255	49
255	36
255	111
245	55
224	156
173	108
237	8
18	121
79	109
158	86
255	109
122	86
208	91
105	224
72	55
82	106
230	50
248	8
19	61
226	147
8	16
255	75
71	65
24	72
70	37
235	76
197	84
67	83
144	77
192	30
18	219
29	76
147	5
213	25
241	134
188	73
81	62
229	47
221	19
77	136
26	5
112	36
220	37
47	65
187	136
85	58
150	6
56	133
206	134
102	90
253	85
82	60
167	27
255	247
190	197
31	177
138	80
100	19
214	128
253	47
59	20
255	70
89	56
195	12
172	44
30	44
95	127
248	59
241	100
125	119
185	119
169	95
73	248
255	86
97	46
225	109
255	152
6	67
219	74
188	26
202	22
4	31
37	18
122	110
255	12
12	92
215	38
163	31
162	72
255	119
51	27
180	5
152	67
255	7
181	64
200	27
74	130
169	46
51	28
61	136
140	20
38	2
168	40
51	39
37	48
47	127
170	83
255	128
255	11
255	104
129	48
111	201
43	55
241	83
255	70
6	9
133	73
178	81
35	84
181	126
93	152
188	66
188	97
252	10
9	125
255	127
219	54
254	6
190	84
247	59
205	142
149	26
242	87
129	116
25	63
28	148
81	27
255	160
159	36
253	59
82	81
86	118
255	157
78	20
255	19
252	14
62	18
160	71
226	87
101	14
253	17
117	63
92	50
248	69
236	51
236	42
2	113
199	6
4	107
29	41
14	208
45	56
255	60
91	89
241	22
153	60
234	31
255	209
255	78
37	51
153	169
132	135
208	37
78	16
107	3
13	121
243	27
239	29
251	20
61	31
198	177
255	245
118	31
196	49
17	48
255	186
188	17
225	41
169	105
7	17
253	26
255	19
136	44
208	10
241	92
255	243
250	95
255	86
148	141
240	9
135	88
254	19
141	21
253	23
36	28
225	19
167	21
172	104
96	121
224	26
48	94
255	112
255	127
143	168
255	76
255	4
255	88
53	217
8	186
1	167
165	141
217	29
160	191
244	24
233	59
108	36
249	51
255	218
183	114
207	14
38	68
213	51
244	5
234	12
43	104
130	8
246	62
2	4
249	21
22	3
181	26
16	56
170	202
251	64
79	89
255	105
95	227
112	6
250	23
218	25
253	42
228	15
56	64
10	61
217	216
255	179
255	156
111	5
255	218
5	24
128	80
57	11
174	84
75	58
168	11
22	141
52	167
108	220
199	5
13	62
71	224
198	82
128	62
95	187
112	87
70	108
252	11
78	16
199	252
240	25
113	105
41	19
255	162
150	38
158	96
26	70
200	218
238	64
21	3
30	29
235	42
219	11
112	76
208	44
130	47
255	253
156	28
75	150
142	208
23	41
252	82
29	38
255	74
159	136
21	222
7	158
176	13
81	164
213	50
93	23
139	22
255	32
91	12
4	127
229	48
255	108
34	4
124	7
174	25
24	3
80	65
99	27
223	65
13	27
206	152
37	249
42	35
255	158
232	222
255	168
250	14
18	124
245	18
149	83
207	5
55	43
246	214
11	74
254	149
255	166
255	166
152	42
134	121
30	195
233	111
133	11
35	20
255	212
76	83
255	26
197	32
249	0
54	53
181	223
255	67
12	68
186	186
143	121
96	73
171	6
0	55
255	145
25	71
133	56
70	208
12	163
151	106
2	0
207	13
55	80
254	100
51	18
133	17
44	5
8	187
155	144
251	20
9	12
81	113
30	143
243	153
255	211
136	26
183	114
224	154
58	197
42	92
245	54
5	41
58	99
195	71
153	101
108	1
1	88
251	44
251	22
66	59
141	190
69	116
153	12
250	85
247	135
143	7
255	39
229	45
243	29
233	33
138	192
4	44
252	42
192	4
158	21
255	237
255	200
254	21
1	34
71	52
151	122
249	11
27	155
190	19
139	95
207	119
62	83
12	21
124	207
41	41
249	61
255	108
149	77
72	21
255	89
234	49
255	31
255	130
206	134
45	35
235	8
249	87
241	39
23	244
245	50
41	97
241	44
5	166
153	190
117	142
169	136
45	4
56	76
255	201
252	36
233	116
23	113
106	141
211	65
254	7
103	11
206	155
216	12
0	172
255	197
42	15
15	114
73	71
250	69
255	43
209	37
122	84
198	82
33	52
255	23
191	7
96	123
54	47
133	117
153	11
187	70
238	96
21	118
249	93
241	88
227	216
255	68
173	14
131	95
240	22
201	80
36	166
255	108
13	119
41	228
235	24
255	37
182	46
104	78
255	51
39	37
255	233
255	105
138	85
171	37
149	17
254	29
253	61
255	63
255	64
192	1
4	53
118	40
35	76
140	43
43	58
79	52
56	58
28	146
118	106
77	36
250	18
255	75
86	98
227	113
186	4
115	138
193	71
74	0
252	5
255	144
237	108
249	15
134	25
239	27
56	14
242	69
255	111
200	158
255	182
255	6
246	19
255	254
23	128
29	138
125	110
149	73
234	12
42	120
214	32
218	42
144	200
255	128
33	19
117	118
165	86
99	222
73	131
26	52
154	49
246	20
243	102
32	31
2	82
111	92
255	163
12	94
82	172
52	187
154	7
77	82
119	174
251	54
252	72
255	26
255	112
67	73
29	185
38	15
187	147
196	2
182	23
35	76
223	83
154	102
255	214
120	23
102	53
255	19
255	240
245	54
152	116
28	118
255	127
114	152
250	96
170	68
150	113
251	19
215	113
26	60
155	74
252	17
196	4
147	52
36	203
218	31
254	0
55	43
146	27
255	147
212	5
12	26
254	44
255	221
251	112
170	133
108	26
209	29
213	10
253	12
202	11
216	99
171	22
81	51
173	123
134	0
249	5
126	94
255	204
255	57
255	167
137	16
255	154
59	11
125	5
25	34
46	76
177	127
212	11
89	36
195	80
224	7
224	92
255	187
41	108
5	7
255	131
250	85
41	58
177	29
5	179
255	153
149	40
227	157
72	214
184	51
255	88
134	145
254	7
52	70
255	2
255	25
240	91
255	164
47	44
178	111
230	0
20	223
255	60
255	161
61	126
189	17
101	243
27	130
220	82
255	11
3	133
255	75
62	213
208	80
140	119
141	51
1	98
45	128
203	146
249	26
251	18
102	107
218	129
128	81
170	8
8	78
14	21
216	180
21	33
216	8
255	149
1	190
149	9
117	109
183	16
220	73
240	24
155	91
237	9
5	12
143	136
255	0
126	85
154	210
255	156
196	27
32	4
17	31
65	191
27	89
250	90
173	249
4	138
251	0
52	50
226	159
167	34
25	28
93	8
130	70
104	33
143	77
255	222
37	196
31	17
43	36
255	112
248	59
9	94
184	48
233	25
255	155
55	51
196	0
170	140
226	14
98	217
20	41
149	1
209	38
1	84
65	27
96	28
55	41
11	52
71	50
255	121
170	110
52	114
129	69
45	65
61	51
192	75
124	27
255	215
255	66
150	30
34	54
242	21
243	45
255	51
168	130
252	10
236	14
149	12
69	88
68	16
173	109
255	201
99	163
25	167
40	17
141	17
253	61
168	112
255	61
253	3
127	0
239	26
238	69
146	98
211	121
107	86
50	9
255	160
255	131
54	82
241	126
255	160
192	24
55	67
244	74
45	55
65	87
18	98
210	11
254	49
128	150
32	21
236	11
23	112
139	135
239	159
36	60
255	23
94	53
240	7
218	81
224	175
15	73
253	107
186	177
255	125
150	147
34	128
240	18
54	74
255	255
255	56
255	38
219	90
196	56
5	21
8	53
255	243
103	22
83	223
2	131
179	216
255	125
255	9
59	152
18	30
249	82
214	67
195	4
48	64
128	74
107	210
64	164
187	67
250	24
7	10
255	147
166	94
2	94
250	81
99	171
58	74
157	16
255	14
27	130
241	59
228	5
118	69
192	29
255	119
255	239
255	54
163	135
30	58
254	16
193	122
191	109
16	157
255	46
188	47
90	9
7	114
211	70
120	200
207	22
254	8
33	6
222	15
231	17
170	163
168	148
242	14
180	126
196	8
82	1
241	3
250	48
52	79
213	30
206	158
223	134
4	101
22	32
44	82
18	62
255	205
150	14
147	168
255	77
255	85
255	154
4	102
148	20
168	57
169	13
89	67
236	42
252	24
255	218
254	132
201	9
45	85
147	104
34	156
23	41
255	141
241	60
255	200
22	21
8	83
249	14
50	120
185	238
5	2
116	78
235	42
21	92
255	94
159	111
219	86
255	204
0	115
36	126
3	147
175	164
13	41
61	169
243	17
254	80
59	73
248	152
145	0
224	0
255	114
218	46
249	117
243	4
38	108
56	83
154	127
31	44
60	193
120	26
55	174
129	64
254	88
76	94
5	99
254	1
166	107
193	18
43	6
196	18
70	216
247	38
254	53
255	235
77	31
63	102
235	95
199	86
35	140
102	157
6	57
231	211
37	11
142	9
8	52
160	2
133	3
60	131
116	64
238	78
216	26
225	49
248	72
122	112
54	70
169	140
255	195
215	19
232	62
54	20
207	100
60	132
43	86
255	7
136	44
255	93
220	100
1	37
165	3
174	197
18	219
7	2
249	108
117	62
15	2
72	66
203	2
255	74
230	111
246	10
65	33
60	114
210	6
186	26
133	4
39	124
21	35
34	133
255	196
96	89
141	14
143	84
10	41
27	24
255	245
246	3
86	48
249	6
221	0
125	40
226	146
255	215
153	45
219	79
204	42
39	40
255	215
133	38
255	224
109	14
199	88
254	7
133	2
255	179
155	78
160	25
255	79
164	60
242	77
1	37
210	32
248	90
45	96
230	2
43	65
37	20
235	68
255	49
101	234
58	9
211	11
234	46
99	90
248	30
230	92
36	23
253	169
83	208
113	85
208	33
237	57
255	2
255	171
255	10
255	151
140	87
162	49
151	59
164	64
206	136
97	3
245	1
7	109
2	213
218	43
204	22
141	194
172	21
241	179
11	142
5	148
183	81
71	102
191	111
235	11
13	9
104	155
197	108
43	109
16	9
184	83
85	15
172	60
53	24
245	83
218	13
189	102
190	71
117	70
233	113
0	49
41	39
202	93
251	109
39	74
255	80
133	96
19	71
155	73
113	92
252	73
51	42
46	183
9	134
0	18
255	146
46	22
145	8
192	148
255	194
250	11
236	45
231	23
156	20
63	214
138	144
255	170
97	116
63	117
253	3
255	74
163	81
81	55
158	137
86	81
255	47
143	162
254	13
243	64
20	79
62	160
217	7
221	90
123	22
126	75
182	189
59	83
246	25
29	7
254	5
191	24
6	21
56	137
252	10
168	77
248	72
188	107
46	6
118	4
209	80
237	56
118	214
104	173
230	3
255	87
203	3
255	13
139	174
246	68
83	251
213	68
74	62
140	133
197	119
32	40
254	18
230	13
156	33
200	6
203	95
176	54
15	111
124	11
220	131
190	113
88	52
100	48
38	213
255	90
24	19
23	63
55	46
32	51
224	17
170	88
232	50
42	68
174	2
194	65
15	36
255	86
59	19
255	137
226	14
66	69
255	5
253	47
171	27
110	60
57	105
255	225
227	214
6	3
255	109
254	12
70	65
171	35
252	94
255	170
20	23
72	79
145	8
32	37
143	67
78	178
191	24
31	175
149	118
255	184
229	1
63	54
176	135
20	130
249	54
100	72
71	6
14	24
242	71
255	87
255	2
5	16
29	105
245	53
203	28
41	224
255	91
50	172
224	14
255	182
225	3
61	36
214	85
255	79
10	27
208	62
186	41
169	17
158	18
44	0
24	83
43	75
52	74
137	116
152	8
32	118
223	52
224	73
196	26
255	157
152	145
134	78
85	59
61	176
28	103
190	132
161	50
210	221
230	61
255	33
255	199
189	125
88	61
80	27
253	47
247	10
207	129
131	22
255	247
138	130
255	178
142	18
255	97
243	22
255	15
253	123
64	28
252	18
110	64
174	197
225	79
249	34
255	205
211	175
210	27
255	101
235	68
233	56
210	69
255	11
54	56
251	85
255	116
187	157
144	10
255	241
237	61
235	50
141	185
255	230
209	232
0	61
254	58
217	7
3	63
31	218
166	125
92	114
168	111
142	222
255	9
255	198
255	130
12	111
207	19
124	169
255	229
251	31
55	52
62	94
161	78
221	160
200	48
16	151
47	59
116	99
130	27
246	23
55	48
216	89
16	47
44	61
113	13
254	8
202	11
254	10
33	36
130	134
223	38
155	22
56	3
162	60
254	91
255	147
255	21
41	80
98	124
252	68
247	42
132	5
209	36
183	104
217	194
59	80
255	231
136	15
238	30
65	49
187	58
36	219
29	57
255	75
255	9
183	12
218	17
255	61
249	55
255	125
159	109
96	77
186	52
61	114
198	75
255	172
208	219
6	91
14	144
201	129
10	45
118	121
241	18
21	44
234	2
161	128
255	218
171	93
255	202
177	65
7	20
255	39
203	94
233	45
76	92
143	3
224	80
250	54
38	84
118	25
255	28
241	95
2	110
255	29
252	77
132	25
255	62
56	31
28	17
230	15
12	86
255	187
255	221
21	133
255	53
14	129
255	37
86	22
139	26
255	41
115	68
26	12
255	23
27	248
255	188
232	3
243	68
213	10
111	11
11	95
14	112
245	76
68	214
176	47
77	53
255	159
143	121
24	8
224	25
83	46
166	81
205	18
97	101
111	31
25	9
142	92
87	77
0	14
201	124
104	13
139	141
2	45
60	118
62	43
190	101
152	142
50	86
137	103
168	64
132	28
207	79
151	146
91	0
10	119
108	34
108	87
104	38
203	27
17	179
252	23
255	31
243	61
245	74
19	133
129	87
220	51
49	30
55	125
244	98
66	32
211	54
242	78
248	7
62	139
35	3
245	127
255	168
16	43
139	116
255	118
182	30
171	149
204	96
39	31
233	237
255	31
178	5
6	155
207	108
126	45
104	64
179	27
179	16
54	81
35	96
0	38
203	133
229	191
131	2
60	194
255	169
140	19
255	76
182	202
255	148
195	46
166	99
33	157
13	132
124	200
213	24
189	142
123	4
240	67
78	75
177	6
255	224
255	41
255	200
249	0
255	9
255	76
184	30
35	183
130	83
255	106
226	67
0	26
22	86
217	63
24	13
255	252
77	123
235	39
25	0
206	74
52	75
120	40
217	7
164	39
13	37
57	7
235	33
156	0
254	15
201	104
156	2
73	44
225	25
194	209
248	16
34	59
255	99
23	8
20	56
2	194
255	134
255	52
249	27
32	153
226	47
255	77
32	50
102	76
74	60
171	28
79	8
116	124
128	21
87	190
34	7
240	105
248	26
253	61
173	32
163	69
56	222
47	216
241	15
58	125
255	165
5	2
163	22
234	5
253	22
52	64
223	9
185	20
253	33
255	45
64	82
156	62
34	212
142	36
166	22
230	4
255	125
65	33
179	61
14	95
29	24
194	17
255	68
255	138
255	118
44	105
2	28
172	43
244	44
232	19
244	74
255	7
210	33
235	33
204	18
255	255
79	209
132	89
20	86
207	127
156	95
255	12
34	21
131	69
186	31
243	68
251	15
255	22
17	51
238	123
151	43
126	48
107	6
115	39
71	15
202	0
248	5
248	153
156	90
2	158
37	53
95	216
255	181
39	25
103	56
150	81
239	21
173	83
154	75
232	53
255	142
38	191
255	83
237	35
253	11
60	32
12	11
25	51
122	18
14	13
4	145
129	105
241	74
119	47
241	37
125	50
252	9
226	27
252	15
203	60
20	183
202	161
183	11
71	29
255	163
210	44
146	152
219	3
252	83
168	82
43	144
204	95
95	52
254	5
251	75
208	165
253	41
49	242
229	72
52	75
182	35
86	49
248	22
128	117
162	3
255	187
48	24
57	44
159	22
139	222
195	9
255	122
205	90
241	35
248	10
12	15
179	106
170	182
141	236
69	174
140	217
110	8
1	163
48	102
16	208
134	167
40	157
77	54
255	226
238	23
255	2
22	119
254	13
236	49
36	72
232	129
147	186
24	154
113	7
255	185
232	30
211	6
227	74
255	68
2	77
110	26
171	4
25	185
185	66
241	2
13	18
4	120
139	18
41	92
115	109
255	28
231	75
195	28
110	214
193	100
255	246
2	153
240	73
160	92
255	115
247	44
222	91
226	13
239	135
218	34
134	120
200	114
231	120
100	137
235	93
255	35
240	72
149	224
135	2
6	144
140	78
192	33
75	12
31	67
56	130
136	24
74	36
141	75
44	142
2	113
178	101
130	51
27	84
255	13
106	94
137	3
255	48
228	134
46	10
159	176
255	135
255	104
219	75
241	119
246	194
5	114
255	70
131	22
254	35
57	28
9	81
236	116
40	153
49	14
233	78
125	14
148	61
189	100
73	111
11	18
234	89
142	31
41	6
251	73
7	106
220	108
170	191
134	21
248	38
11	200
242	67
109	82
88	47
35	106
24	156
101	58
249	60
144	41
255	42
248	16
134	4
9	16
184	174
246	90
13	16
226	22
255	137
168	150
217	36
77	120
244	42
185	13
121	135
244	55
103	127
72	31
132	96
120	176
225	79
147	56
61	36
220	134
15	5
234	173
237	52
194	24
228	131
187	16
162	43
33	83
251	62
224	99
255	145
76	38
210	0
13	43
230	59
157	140
252	29
154	6
153	30
68	24
255	177
171	55
142	141
254	46
241	122
131	0
220	20
27	34
199	15
242	4
241	26
52	179
255	29
129	55
112	59
51	208
53	2
117	55
43	14
251	43
186	151
188	36
18	153
56	3
157	16
29	4
22	143
3	85
255	76
241	18
253	119
26	60
181	29
44	48
175	1
37	4
220	128
3	209
