14702	208
7910	233
67146	72
20048	247
49998	245
49739	38
80430	203
101460	11
72200	174
14406	101
1272	181
10710	13
39012	178
21503	10
19014	196
37083	126
26677	182
13643	174
61429	32
16837	88
16773	192
109345	179
2742	140
27364	67
29384	208
6467	90
21432	158
41353	213
27998	234
27801	193
3926	21
15537	199
720	146
16812	87
11236	81
22350	154
43198	177
27250	23
56971	40
4742	255
570	29
90823	198
13386	23
50623	205
4974	48
64452	36
16315	141
23297	160
2448	104
5752	33
6216	107
30816	241
42560	87
38959	30
5018	63
115325	35
1916	148
1619	91
14401	12
37486	187
28485	140
16145	49
62672	95
92178	22
25065	125
33344	79
65557	209
55300	98
105206	91
46855	141
18374	54
21058	60
5109	59
37203	112
21921	111
6263	250
31250	67
54953	68
4615	58
27714	82
27167	23
86786	9
17608	126
67348	118
14711	134
34393	160
4774	95
92987	226
11374	27
13058	174
41459	29
82732	199
30113	228
3416	52
55831	129
68159	156
13528	206
3254	62
21463	126
30273	183
3712	17
6488	20
75532	209
43905	40
66532	249
45880	117
3051	23
85426	101
27140	17
52844	107
861	76
2330	251
12612	96
111945	88
25461	15
66350	109
37898	108
46055	180
15217	179
21862	34
63640	10
9220	171
19623	119
31088	219
26550	50
17131	32
18814	99
20971	75
91804	211
8080	89
91962	232
1717	68
6548	110
5143	47
42060	154
2751	179
21931	19
43074	168
65849	184
8569	84
4957	199
5661	69
31028	113
62803	224
29463	163
25183	173
2339	178
72348	58
67507	89
29884	3
354	234
45563	109
47358	83
16565	11
6872	122
18454	156
31561	63
7112	196
50535	25
35332	140
55285	166
19353	242
9602	62
38992	116
29880	197
89843	107
45879	67
29506	139
14859	82
39453	165
45214	140
66643	185
1539	57
23325	18
61324	94
116087	198
12784	50
35839	25
24481	220
49333	172
11508	90
4813	68
39112	63
37241	93
39927	175
18178	6
21164	70
44390	111
41235	197
10522	193
39760	202
46972	172
18904	197
58403	253
4078	151
79157	105
21927	202
2016	24
12095	174
1066	127
66849	218
60923	178
67	225
77751	221
49452	136
57660	59
79862	147
21412	150
53091	23
111968	187
69359	197
340	149
52567	221
44653	55
28557	10
12126	14
3923	33
3888	50
48040	73
30651	128
53727	33
7283	223
34243	145
9962	54
3099	28
3838	159
68863	238
102935	18
86337	252
9250	132
4311	36
12735	78
2098	120
61201	215
3112	90
28093	46
15375	230
90479	139
24774	75
10504	196
2632	47
7616	134
78191	55
12148	120
53012	191
23022	48
24875	36
1700	20
2060	114
3841	51
13453	117
2390	86
3351	77
7267	195
90016	22
12004	137
28357	87
4599	4
49311	155
28787	181
28312	177
33745	17
9943	156
34275	34
75091	228
881	15
82467	204
10215	35
26999	31
55916	168
22490	189
9566	248
32666	95
37126	153
9055	54
27578	54
39905	60
10083	40
16381	76
5481	25
29295	30
53378	155
42034	178
13573	168
27466	49
38979	125
3606	71
35458	111
31528	17
2158	178
648	25
49172	168
10258	29
1884	36
8096	44
7106	82
50025	228
2131	48
50494	234
13493	81
5785	252
6804	102
50561	104
7780	159
84633	42
25878	91
63687	136
17543	87
25912	109
23430	190
1110	33
80283	82
14166	239
71958	196
9559	190
2714	119
3754	211
59144	171
19208	180
3189	139
11524	207
22992	135
9679	103
3062	66
19514	168
58747	235
25119	113
6849	60
58778	172
40999	108
82297	82
41334	218
3429	243
28703	222
18967	255
7107	155
10000	8
40130	186
12944	188
31829	245
4218	58
1069	164
29649	185
1745	99
76457	233
30537	208
18729	148
13240	65
3786	206
9409	138
8624	253
68750	6
101786	137
3944	160
628	48
42572	158
119115	106
96989	173
20734	87
46034	77
57989	106
41370	150
8074	132
44334	255
51597	89
3557	107
72866	80
1506	178
4210	236
65854	98
23513	58
18933	123
81356	46
2603	239
12172	27
586	229
30864	143
9217	47
72971	131
2758	27
55455	129
55881	208
46586	36
56606	235
14955	89
69048	187
80294	103
69411	83
26381	141
40107	93
86569	127
79344	85
1639	244
8401	170
47291	182
2313	169
22428	116
26658	219
14845	36
38059	151
55241	129
55774	91
23545	12
50786	171
64536	93
10938	6
12142	167
8943	32
6922	86
10675	32
2442	238
74979	88
78618	140
1814	15
66626	51
5282	224
29313	236
90154	140
26283	215
26167	144
25505	129
22183	37
66825	202
1856	35
117812	78
91861	74
106850	153
53829	141
37082	8
44927	134
40469	212
104263	152
17674	171
34864	20
50289	239
52287	194
43038	252
25204	117
65203	226
17666	154
24089	116
32190	195
10461	172
25586	105
94850	73
44472	101
44994	213
41865	84
1719	226
24674	173
33881	31
16670	64
28565	140
43595	103
37034	243
1080	213
6945	23
1102	78
12232	26
71181	220
36673	255
27215	85
7335	20
41752	112
92882	157
6462	238
38416	230
55745	157
24988	53
55326	247
23203	184
11610	143
45849	178
21080	187
73024	100
84120	111
9898	201
34792	101
24889	14
8620	5
14009	171
10783	147
432	154
1332	40
41249	213
11810	221
9492	29
978	144
115772	217
3546	130
57389	130
43900	23
70920	45
79114	113
57316	116
32023	142
64328	62
6678	105
43140	78
18108	104
2923	37
9940	111
7828	109
24824	181
173	20
145	58
6066	38
69161	37
13909	240
17832	97
9754	19
52596	8
718	246
58401	174
21862	142
42712	59
16463	219
105942	156
36546	152
3842	114
16460	137
7881	87
3431	104
8622	142
19268	63
76326	239
8762	46
28545	2
30564	160
49132	75
55290	195
8232	165
1810	90
37192	52
326	178
34263	137
1255	232
104048	172
33717	16
59840	176
28030	186
7746	31
73360	74
8625	49
13726	238
19207	40
5134	35
1170	158
13710	202
4177	146
24120	165
54838	248
22657	72
47757	245
3125	45
81532	220
17187	186
51419	207
21257	24
51802	17
91317	136
18566	202
1596	193
65479	70
11743	182
74499	217
10047	66
7408	150
30606	150
22372	50
18000	211
11815	82
3276	147
64207	122
5954	10
38863	116
48635	94
27686	223
5988	249
10563	107
23741	194
25306	200
39775	205
36910	128
68934	20
41646	51
92500	11
11936	143
108776	133
35087	246
14304	239
50422	102
122465	194
14242	137
22785	15
62304	136
49595	111
14609	6
12330	123
6185	170
8335	52
24517	225
50496	47
29772	216
46714	224
49365	208
69003	86
35797	180
37600	244
1764	81
557	25
117	234
12414	9
1298	34
43649	91
342	112
18382	25
105661	215
6461	126
33946	138
75323	119
53037	43
44502	112
50760	47
102712	85
3909	251
8647	8
62060	105
11919	95
7683	244
4233	219
4913	250
71032	176
19046	230
8379	89
59137	210
8729	206
71750	128
9446	213
99660	158
43540	229
4516	219
3996	105
11435	41
16803	66
30323	105
2317	44
23104	84
73129	190
11755	212
35000	134
18776	207
13851	174
68532	99
29456	193
5405	136
108365	154
19	238
5928	139
9532	84
23626	192
67881	213
25080	228
63583	90
13632	191
38981	8
35330	200
4098	228
12958	59
4232	237
17989	43
45406	129
11058	13
27930	86
53943	175
779	240
28296	205
60687	195
9517	203
62219	81
44625	75
25816	158
21584	212
30878	122
11521	205
19631	215
66645	147
21567	194
62404	244
46961	72
5744	246
10843	134
44254	226
20736	39
21214	115
21019	79
20076	204
33799	62
80102	249
32712	220
67135	252
39761	184
10284	227
34106	254
83112	230
3310	29
91895	146
17497	170
2100	246
3944	178
9782	228
9204	30
2529	167
50081	73
60719	194
106249	30
19515	14
17301	162
34534	155
26929	10
26675	29
72202	141
1625	223
96904	118
2547	116
13001	190
16677	110
2067	95
43275	212
8795	167
751	224
8085	47
53144	149
6249	221
18903	136
86094	139
658	114
70502	161
63009	89
2059	244
91594	198
16865	77
8017	201
87218	83
21006	146
45043	179
16722	115
104949	173
23214	191
3116	35
5500	39
85703	210
74677	127
35589	138
40940	11
4841	94
5929	234
39539	229
2626	150
4008	136
26668	88
5728	149
2260	15
11980	154
672	158
9331	36
3315	62
65674	220
21640	167
2300	170
119764	7
39520	33
53940	75
26140	110
37970	230
17675	240
8673	244
2825	237
16864	152
41988	204
18233	204
55549	30
17769	235
59805	167
2864	249
21459	77
8177	81
11724	104
21557	28
217	41
4709	141
14457	231
16141	205
9074	130
16679	148
61965	134
1845	178
35520	76
24134	23
54161	189
3060	209
1320	210
36102	229
83320	156
8422	99
40002	86
3006	212
4203	225
21406	188
22675	250
13215	41
9983	229
13040	105
5181	223
67478	9
48602	56
64617	218
22570	108
55465	67
39054	66
20306	104
10685	150
29068	57
8211	190
15542	174
42374	52
984	43
3086	196
16536	150
30167	137
7807	194
65736	48
27451	199
73553	157
27286	134
64752	98
107991	216
3	209
774	24
23882	109
13018	237
6058	220
42140	130
36293	178
10135	122
33862	73
26436	224
51805	191
31198	120
774	60
26146	227
104766	182
49759	37
55336	165
18445	5
56381	135
13636	151
1242	110
454	245
287	227
16379	208
26936	26
55523	150
13806	112
71493	63
3915	23
5340	214
38775	140
61011	206
1950	204
61276	167
21804	192
50701	67
11399	209
103498	9
2811	135
3705	181
41968	194
9605	164
25811	201
5001	149
17598	8
6363	88
18231	103
24750	171
15562	46
67940	70
83423	183
73973	198
34470	17
41672	198
10442	107
2048	99
69262	86
24270	216
66403	211
53682	237
101306	248
23334	166
400	233
4156	121
12469	169
35676	113
4363	156
88790	140
14438	213
13758	224
2179	230
50153	122
8093	107
67190	35
6431	69
31380	118
60428	103
2631	199
46478	98
36797	62
97816	230
85576	182
188	18
23904	212
19858	59
785	19
7231	106
5486	230
39022	146
1446	12
39193	190
46172	179
74336	224
1269	120
26699	183
48689	167
31230	130
5885	239
73620	63
21328	248
26533	150
62204	127
9900	78
17793	100
101456	29
4082	255
65154	140
9570	223
31247	236
1261	87
64521	97
19697	122
64563	243
24988	254
21023	56
56448	186
15120	132
986	151
17140	175
44889	105
23	34
10029	108
336	171
3855	243
26818	127
65439	213
44280	2
30941	174
72099	63
25060	217
10602	92
8762	65
75737	136
19746	37
11006	123
13379	231
93256	145
15600	176
10341	146
89964	233
12142	237
77545	161
77561	100
10585	154
8032	15
25396	98
34522	226
25239	65
54411	14
47970	191
90444	68
6907	119
24263	49
48006	81
18157	202
69561	15
11120	242
24905	131
15737	21
79620	96
28710	133
5770	103
43860	191
40734	98
5257	184
6045	188
62329	32
1042	7
33610	228
8241	127
20759	75
31096	122
22503	240
1543	54
15939	224
6376	134
39896	114
3751	174
4895	117
90678	11
15911	240
96509	68
10608	92
40435	153
5750	68
7852	164
32603	167
79320	104
28340	63
574	72
11423	112
103094	63
34866	102
34577	126
3595	48
61782	86
66220	44
67933	65
27435	229
5767	81
18171	35
2799	226
15817	75
5736	187
23210	249
21806	247
79215	2
3356	32
498	155
105808	176
11044	30
23626	144
79672	204
5422	91
2433	254
52783	233
6052	207
60648	15
4041	131
7450	129
55344	160
6645	40
12000	218
51117	3
80551	138
12915	171
61856	245
24266	252
803	10
30282	122
46189	100
22223	211
69972	237
51896	242
42413	116
65387	189
8742	111
15984	30
55588	88
11930	134
14933	160
21975	147
23006	172
56732	77
19199	129
784	147
24792	180
10812	18
41034	53
37549	15
37281	43
20347	85
19244	19
12418	74
85742	132
39158	187
14637	62
69311	215
18707	203
97185	176
53893	212
55153	193
12239	19
5569	140
61694	185
59861	145
56565	241
50512	202
34763	83
79907	20
34037	236
48975	138
7410	243
13812	61
82678	213
82065	180
31231	146
19368	94
58976	120
25035	54
19657	125
3710	225
39057	23
17824	197
72798	118
11387	91
6100	243
67142	93
573	180
24514	230
6437	77
108146	209
10297	23
69064	82
18002	192
10450	231
12284	187
34631	115
70072	220
8145	136
17537	139
16439	175
15035	84
18755	28
1828	40
71226	117
43144	202
62036	181
23931	79
36959	61
2021	158
38807	74
47727	212
54909	15
14018	83
33461	240
768	58
19313	210
57619	229
2056	253
6243	126
4118	169
38743	182
31546	56
12803	28
41738	63
24302	106
22598	220
112325	199
17067	99
7441	30
43797	217
736	237
37448	207
16069	70
1166	59
15600	67
83261	211
85846	181
11890	53
6841	167
13054	88
29659	243
36759	156
88457	220
14563	74
55097	130
82811	99
15626	16
50873	109
29297	192
24749	26
61583	146
33211	103
82834	170
100	77
15669	226
17018	243
11437	23
21372	20
79669	93
117204	90
60587	54
54251	235
12507	190
39150	11
16351	72
74329	77
10890	220
32297	227
17908	159
17625	168
10958	12
26149	162
53587	194
49455	42
71106	31
4072	26
86789	12
49452	97
65277	14
25336	118
47378	45
15146	59
54795	23
35550	231
78132	77
5293	236
29078	34
8735	51
38956	81
36360	215
17158	165
26670	173
17848	94
35378	127
88283	62
18275	216
34045	220
67148	178
67851	163
3965	221
19195	63
15971	251
111823	220
12749	146
11633	132
13688	127
1301	160
25491	137
16312	93
57002	164
55730	191
40198	40
41158	45
28809	206
22168	18
6276	103
27814	157
10035	91
1605	49
58771	63
72851	234
70382	32
33139	226
75971	19
35528	28
6979	23
67886	59
44863	141
48845	252
24548	232
34054	245
18501	184
30750	22
25677	144
55181	198
28078	42
21131	97
35201	199
87503	124
25205	133
5222	223
18554	7
16398	44
29585	56
6728	129
41499	112
4975	211
93209	2
6414	192
51552	40
56430	162
69066	187
12055	47
3540	232
49286	149
20987	136
53512	39
3946	60
25326	40
3145	6
20218	248
21689	221
117437	169
17515	29
4740	14
561	217
100151	139
83912	216
11065	31
20140	213
19121	226
82441	70
85968	115
20430	46
43451	207
3953	31
22189	212
3206	168
52743	236
90176	35
7171	213
24557	134
73250	254
43544	126
3028	190
67037	24
51394	10
22956	30
104330	37
8174	5
531	139
44822	239
1909	165
9072	12
52622	253
40228	185
998	181
1472	237
29026	196
8675	235
78876	70
13240	28
35426	236
21172	68
2949	194
10298	145
9355	203
11879	5
13631	214
2494	177
11182	248
38018	164
4180	146
45705	75
11695	238
36610	170
41067	92
9561	245
11811	152
3600	76
8276	197
43060	86
44564	131
10640	247
49035	159
48450	74
4465	51
5643	48
6385	215
69724	32
44244	67
83148	54
3239	160
1571	44
37858	231
60100	213
4124	102
32414	88
53789	165
35195	26
4080	49
53903	148
556	113
29943	194
40160	31
81776	215
9754	241
8242	124
5957	128
11141	68
38075	164
14766	167
53637	88
55200	114
2246	57
33655	88
594	159
50178	154
44560	89
753	227
96741	167
31729	33
32239	97
17461	35
40318	222
5377	2
24817	223
50701	74
40809	236
2053	184
25405	13
8247	7
17262	137
6888	40
48903	87
15371	120
70143	173
31321	251
46495	160
3103	217
10761	2
15445	131
66584	2
25404	115
50996	211
8453	248
42430	62
117379	120
67500	196
7066	127
4836	77
20778	19
88327	208
18945	255
5045	245
95577	81
65950	2
2282	64
26063	28
47723	98
1509	74
3045	62
31948	3
26788	65
11352	28
72419	226
65369	195
28318	182
6092	137
50270	129
73569	162
32812	215
78332	47
48978	137
437	25
49195	131
24852	123
82807	233
7246	27
13007	140
46272	199
1847	79
1992	23
497	31
42582	4
2295	64
923	95
29615	123
17441	215
37019	115
14561	251
24463	33
12751	70
261	174
9416	74
8630	217
39026	111
110930	105
12953	243
3571	227
46601	134
9994	56
32386	155
29851	203
87310	53
35996	44
42654	238
18045	174
27958	105
50755	228
27462	84
71823	229
27797	29
2116	56
19323	239
2042	93
1545	212
27888	64
1648	169
1968	101
115927	183
99340	251
29801	205
72483	34
7614	71
5304	98
39132	162
1207	128
59706	155
101477	168
19969	40
15069	17
11116	188
17315	200
1983	20
7699	17
54655	172
26015	14
18663	201
40900	209
42115	86
21855	89
47535	174
24474	126
51401	18
71459	200
83073	194
5858	250
1235	126
13772	249
34393	39
7585	21
563	204
22054	167
1021	216
72745	25
66092	200
13052	10
31636	124
634	154
21160	213
4501	87
60617	188
5512	75
4701	247
21334	184
27174	193
8848	137
12915	154
30187	230
14374	40
35289	137
38244	225
10467	155
23164	128
1825	241
42395	238
51530	68
8106	144
11651	223
1319	216
32116	135
56225	166
30197	162
67586	110
28550	70
9112	114
2062	10
61005	249
28874	99
45629	232
65237	160
899	56
20430	61
93292	79
40459	242
55968	41
60725	23
25694	68
4649	127
21060	169
25772	160
36464	106
33458	36
68025	128
11515	40
58441	242
15677	174
82695	193
797	50
8042	84
42600	147
106380	137
5974	140
9914	207
7427	210
83095	9
81695	220
29585	235
2845	235
8363	196
14134	115
1147	136
12940	121
24956	114
18405	243
62734	142
96387	193
3801	35
1065	9
86236	156
16458	78
11605	188
32154	207
5274	150
23518	212
7190	248
6019	106
12388	181
54973	77
694	56
34481	174
45769	28
389	160
16173	140
5205	13
97450	82
72556	150
79956	167
34365	137
7728	113
20312	141
32891	192
14609	24
90364	164
11915	238
74140	43
2908	63
3707	208
1284	35
7235	180
41711	46
87021	74
490	240
1526	3
10769	95
21044	65
27196	164
78365	216
5448	48
1418	180
84749	153
84588	24
2338	116
2490	187
25464	139
8985	31
19483	251
52002	209
105455	195
55028	56
45476	51
2877	150
55192	77
75415	70
89962	7
25387	84
6159	238
40158	191
3100	247
27603	203
1607	48
14978	212
80114	167
15992	97
23450	2
41611	152
14777	33
38363	112
19559	21
43615	35
2725	48
39752	36
14050	137
42866	171
36669	221
2773	41
47371	209
40465	155
27961	230
70112	74
58890	127
31711	254
22654	197
54916	35
22542	166
33808	219
11960	186
45639	45
6110	212
48056	111
4481	35
12398	9
56283	132
17847	203
110104	32
7416	241
760	20
12000	186
27429	202
12624	210
16905	201
19730	188
827	58
77601	197
57329	194
51259	201
71537	2
21482	90
58274	42
11224	203
39261	89
22569	194
97753	196
2058	153
35240	222
17814	201
1173	60
12816	7
77676	53
76469	3
14947	232
67089	133
117081	244
18081	19
14387	36
119461	135
10876	106
15805	115
4501	111
21090	108
24886	175
78442	203
35818	202
3196	162
30315	158
1664	69
85404	143
38218	184
23245	224
52975	54
9804	92
50596	3
74117	149
1723	135
6007	187
38095	67
87559	202
22070	248
278	13
66269	172
36628	41
29945	49
7081	142
1435	102
12755	148
75615	187
18026	184
17987	14
47103	75
28646	206
4878	19
48314	109
64997	41
13143	169
45568	217
13654	19
17424	49
18882	90
2687	61
41988	42
71370	85
2708	46
55021	161
83035	44
23606	57
57522	214
7418	123
58363	131
461	60
47936	197
5772	254
45741	99
6501	139
12851	40
10545	120
52948	47
21208	141
30888	135
5916	185
37609	220
21763	79
97317	205
35180	114
860	216
54984	241
79939	207
22940	96
57125	174
39293	92
11974	140
6767	117
77595	180
51187	177
85178	118
218	50
14044	38
41175	9
8846	31
33503	45
54974	78
72400	142
14377	230
553	50
15979	35
76971	71
11204	223
17891	49
1499	79
865	246
5294	163
27691	139
8535	227
35552	16
25321	26
8680	154
7867	5
9709	131
2972	191
50300	101
59575	79
19830	15
6217	123
11431	200
23936	183
745	181
33778	20
4787	237
13378	140
73000	162
4565	5
5672	161
20409	123
32857	181
29734	81
85539	220
19296	223
86351	245
26860	19
42018	164
11398	196
28050	161
72144	68
15474	25
36918	199
31199	36
1795	66
39022	142
3054	125
28692	56
3506	230
9518	138
4008	219
1575	17
95152	75
12058	63
98663	161
42453	90
21551	180
4649	73
47185	44
10761	131
4073	254
35999	201
5191	77
4510	44
27107	213
3458	181
18	172
30479	38
38068	137
22083	86
3135	251
23603	202
3987	231
57777	227
17702	122
47054	226
37700	84
180	27
3049	77
62279	202
54187	206
15321	4
25824	80
16634	134
16555	255
15662	33
7229	34
67940	8
85765	96
53428	99
28586	198
23371	218
25905	255
26683	170
89337	243
3419	99
40402	145
23681	160
8919	20
17421	89
39384	42
68866	42
10834	200
18827	48
47598	73
5206	98
53386	54
45706	52
12556	140
1824	22
45772	112
15415	10
60268	152
42039	16
23369	103
16467	77
84497	162
8711	241
20649	235
3089	235
66749	110
53673	57
22387	201
84342	111
2141	228
3369	228
44164	130
6098	76
20464	98
10712	160
39459	187
7792	238
2810	61
59968	215
13890	54
2147	75
72556	243
8930	139
28414	74
11622	138
38449	38
62422	208
3923	209
7487	39
8430	45
13268	243
29547	104
10230	93
3214	92
4572	222
22386	231
24970	170
60494	170
1601	143
53997	207
41372	4
77569	169
56713	9
4356	21
4781	145
10298	253
3097	78
49773	67
9510	235
48196	93
54342	68
4092	185
75609	96
1477	163
26364	224
18034	118
104505	60
28239	155
10000	171
33993	138
3066	143
2633	4
26859	199
44872	254
84330	60
50089	220
16182	234
23793	162
26310	14
32213	156
8511	9
22542	24
54361	64
17557	134
21658	107
2800	11
8235	26
58221	12
3526	46
23061	119
3211	153
841	117
68242	255
19277	8
23850	27
5554	116
20355	16
28628	144
56096	211
24598	148
30942	116
63943	38
37007	166
43843	148
14931	60
43082	114
33546	99
4115	103
1562	60
4066	228
7379	130
11974	154
51321	167
34730	68
30264	241
71965	131
2347	197
42873	13
60060	99
7350	105
4684	87
7532	98
21375	162
51292	229
15766	248
34594	219
53002	85
42542	15
15814	73
4077	203
24288	223
5997	60
30040	247
66179	9
513	217
38658	235
94867	40
39264	199
42496	180
14522	89
39438	2
82543	141
69784	241
5302	237
50947	11
5383	48
53675	79
73109	197
9555	17
2954	189
41723	36
16411	135
543	172
16246	190
17853	93
2146	47
88576	12
50209	145
12582	150
2565	14
76929	162
71385	176
22164	169
16295	239
27816	190
40870	138
69687	239
13084	27
40	69
33777	228
125196	82
62033	246
18333	86
8083	184
16552	58
2019	186
22869	53
6601	88
47638	104
38406	15
30084	238
101837	144
63968	21
20337	51
72855	153
2210	149
12844	27
7809	164
40983	100
24481	193
13107	226
1127	30
33041	22
83727	164
93521	249
23660	189
73930	178
50663	82
20913	147
27585	232
7691	161
54795	141
2956	152
1461	43
6201	60
25616	255
18826	65
38836	237
58683	3
56013	168
32318	246
241	74
713	85
43798	43
42091	175
117956	235
44740	119
60825	155
51141	74
13278	168
3873	49
68219	92
82401	9
15103	221
97048	113
69886	92
3939	7
3990	39
18152	85
84760	173
16855	60
3792	69
1696	116
1381	163
430	175
7098	75
21913	20
56495	211
13	118
33882	44
23354	42
6460	74
101645	100
21867	101
16571	243
19938	29
1036	20
80911	174
69767	69
23679	5
46538	161
103966	38
24012	88
55349	24
40401	196
6638	100
11332	142
42613	31
8117	48
55406	221
55862	100
33874	231
57568	233
13282	169
4735	155
10701	220
57922	113
5114	79
76061	95
106381	71
45751	203
62698	100
99498	200
54588	218
13237	86
27966	9
69375	174
14731	167
6559	239
32959	71
2097	155
27358	80
2725	239
28596	13
20435	215
55240	231
16019	229
4405	159
75063	49
96090	173
242	141
102761	132
46358	239
21268	83
43553	245
63592	89
7410	205
4637	144
17481	169
31951	183
83089	10
71622	131
67354	85
30872	75
18582	94
24368	167
37512	212
45882	13
4204	128
64145	15
51668	177
11021	244
48604	215
81147	47
2306	43
74435	59
3694	89
38222	121
1438	177
41328	86
27272	192
70956	107
16674	158
2346	186
28836	77
84099	71
8028	71
30047	172
34341	77
19584	101
60962	210
15313	51
46830	106
33652	237
5574	151
2938	236
10564	63
51821	236
56025	90
6842	35
9473	238
55677	39
100845	13
2178	112
44779	59
5042	66
4174	240
34389	167
27808	98
39041	166
12555	208
36807	41
819	169
82441	34
111166	191
51625	58
44272	134
4273	187
24055	60
26925	190
8214	34
8191	116
70612	228
3347	158
39323	140
29228	194
61853	54
28431	72
59636	177
37471	199
12313	225
81349	73
30832	218
55341	10
33009	134
13170	161
5746	166
86793	61
835	169
1418	146
44494	50
11916	161
16186	21
50402	24
61086	22
70806	90
19182	152
11947	110
3169	128
96057	14
119056	87
61	253
10413	65
13151	193
40295	67
6730	5
25995	215
47717	248
56436	33
13886	159
65273	38
57321	172
20229	152
95702	83
83107	70
29793	26
88034	123
67679	6
46620	222
1011	30
12088	114
22145	128
62	240
6460	231
32810	255
35928	119
13478	142
30847	41
106437	119
19121	248
14286	11
30030	161
9420	228
55673	33
44130	78
87068	141
11451	248
10294	16
32871	96
36048	78
60813	76
5883	19
12933	144
93120	187
117040	22
40472	156
370	230
6993	39
29455	152
371	15
2483	20
3212	188
30299	31
44127	248
18193	76
10734	184
65725	13
43553	221
6269	90
421	28
33339	241
52567	219
101144	113
8988	4
16675	149
17250	103
4428	93
3201	109
18984	242
34535	138
17568	22
6233	184
47713	56
1539	163
182	224
92045	120
25447	78
12108	113
115184	40
100964	101
73529	229
13400	45
34242	8
44921	81
35332	230
5397	53
22008	176
37840	82
78464	179
6425	53
4411	140
78100	85
54543	129
9803	69
26257	42
95641	156
16617	147
1362	193
26504	188
33001	77
10651	184
9062	120
6100	233
26286	142
17083	154
9328	179
24659	109
4100	213
63166	240
2856	207
11614	186
90035	64
48797	117
25001	4
1347	159
3373	168
11079	12
13249	222
41562	18
13117	127
43335	232
2376	49
79754	143
9385	12
9712	84
47700	103
26523	2
36867	69
1790	205
29169	203
29997	176
84452	18
3012	60
13573	231
11310	232
50770	158
43620	69
18512	238
10941	113
10833	37
17606	23
62128	42
101	93
45167	96
68106	27
36127	116
15898	161
10593	205
306	61
31009	237
14494	134
45518	253
27800	172
16950	74
21149	213
15011	185
28883	238
23408	114
120915	9
61666	199
44311	34
84883	173
12009	158
3996	214
9654	221
30921	3
29350	97
384	78
29236	45
72227	149
10224	218
54470	193
8433	11
2177	165
26578	251
16642	157
3861	183
8916	141
37884	249
633	106
57291	41
29932	140
44989	28
59069	235
30800	91
742	233
70356	103
54617	76
5632	85
9675	9
42714	52
65828	96
29020	180
31956	65
11721	21
19759	7
29709	168
26308	229
24417	107
48237	93
4904	213
95082	69
71733	146
18129	252
71350	133
16503	154
7931	76
15937	59
55276	84
4319	60
46094	147
30815	143
20193	213
87634	73
31768	50
51681	199
1836	234
2229	220
7475	209
28300	90
19601	211
1259	237
1479	141
21966	232
107555	151
84863	155
193	144
48432	111
7766	19
26899	64
4053	62
32414	209
33178	239
31176	248
33462	81
57187	77
652	54
96320	78
45289	173
50847	180
981	113
1197	254
54851	40
17120	73
2630	187
84290	218
62146	252
2713	123
37093	34
1846	101
5452	100
4144	134
18434	111
43852	22
29136	157
24790	57
79957	180
31860	169
41227	253
29834	41
99213	9
19689	128
10093	179
16209	203
336	240
21634	4
11243	178
4454	25
63839	84
39576	171
24014	171
39596	129
2493	143
50831	151
19653	137
97574	111
13662	69
32876	11
12950	60
45528	91
50486	153
34376	176
1436	169
12645	214
43924	87
72617	37
4631	163
32136	67
26092	139
332	96
38345	161
4662	191
48911	132
43418	76
20125	158
3726	40
43389	205
2928	248
41131	201
29912	146
37692	87
5176	204
51143	104
70015	85
51254	202
48576	189
96836	127
3941	35
3705	137
76174	251
6814	128
92090	246
7022	172
1711	16
78240	45
10516	91
60094	120
53626	109
12793	135
39869	192
37610	176
1309	88
26564	162
18683	109
2050	59
47318	242
942	80
70327	92
43959	27
56451	134
45050	48
69036	9
4784	102
23057	149
16349	26
37848	188
46292	81
11173	170
98700	174
24231	47
537	57
29831	71
7845	49
13343	213
363	192
4882	9
47096	171
837	93
61209	182
13377	189
1559	189
584	125
18218	21
63340	38
20744	158
3553	54
53835	130
24030	247
56952	173
75600	210
641	6
49452	239
27031	118
70879	228
9266	76
81604	180
26333	206
11467	161
34738	117
26552	89
45221	239
21730	189
53568	131
32762	163
69008	12
1947	52
53252	146
75565	188
40942	32
56394	164
4884	16
44645	237
2468	171
26757	74
56225	65
77894	180
69039	6
66222	25
8565	52
7637	192
75374	251
46975	175
35528	49
13996	212
25142	207
17073	184
37635	2
95185	3
37730	198
29281	40
9232	238
44913	16
17767	13
11064	31
85881	155
26724	254
11490	244
111	161
18894	47
42145	114
55981	214
31383	42
3239	98
7087	87
29906	82
29937	88
1403	198
1744	180
35097	224
23211	150
35316	75
10227	138
1959	140
32742	25
108761	132
14801	84
28578	91
53751	216
344	89
2104	130
78661	72
18591	8
776	22
48495	230
56351	81
88107	204
2117	3
49152	9
4237	135
15396	60
5399	19
10886	89
27716	191
31481	112
15824	197
48400	66
27312	88
120539	57
23196	164
2906	197
33443	15
19895	162
3407	158
22958	224
2959	44
23966	167
3005	77
6632	9
2151	18
8765	27
28696	81
84376	243
34608	154
2991	58
4486	240
46338	134
34905	90
95552	143
46482	63
85158	40
62316	129
35502	252
16903	129
4858	21
6684	158
70471	140
865	70
24609	159
3876	109
10890	19
267	57
39693	186
41531	190
18368	36
3136	172
14663	126
7631	125
2466	102
24275	22
42105	244
5311	89
23348	143
43631	202
19619	214
14638	5
99643	29
176	86
16379	80
66484	175
7635	69
62680	161
18545	245
23192	233
49327	37
39018	180
809	21
1404	217
46965	32
36693	191
3800	200
11682	232
65167	27
21110	198
50438	7
1380	29
35591	44
26716	154
16000	186
6026	168
33795	250
22224	84
38110	70
9283	246
27100	80
22655	64
27380	246
63382	146
1865	225
29553	81
7858	237
11691	171
2202	9
7093	182
18936	245
38718	12
9758	69
100452	165
83447	15
926	124
40608	52
14204	212
58548	40
9526	246
8868	93
32244	166
1072	90
42259	40
31744	114
12330	214
31974	25
49772	29
37748	233
65192	148
124711	90
63227	229
22420	188
106181	57
828	243
4732	43
7436	4
48603	16
11016	20
42164	34
77043	6
26244	37
63650	8
37341	197
53588	124
71817	149
34933	38
40851	34
21175	18
362	219
8993	225
58542	89
2254	208
6442	161
16422	155
85400	189
7419	111
20579	83
34459	160
109118	64
8165	80
26153	35
10082	155
6749	35
62447	70
18681	115
499	199
32069	182
56307	234
83436	128
689	178
43799	106
61161	56
12847	3
6047	7
1253	231
6955	81
81270	8
80518	185
1382	32
257	2
27772	40
21316	152
1263	150
11496	10
7556	215
29648	18
6535	160
16793	190
81787	25
3344	74
71016	195
45283	185
2309	3
102455	44
3259	36
15634	39
53920	219
34536	200
3785	253
21515	70
3325	94
62547	228
6600	6
31220	243
90151	229
9231	6
60884	74
4576	146
15158	41
33684	102
70	115
67958	103
12150	233
39325	225
25570	226
40787	109
12201	26
19916	128
7697	59
23333	48
23662	36
20370	77
3316	3
62318	58
40868	218
49056	136
23336	99
10651	27
42767	165
17311	159
78646	81
5021	38
77184	190
4311	227
11114	226
90148	186
14484	216
23228	136
52035	184
75788	118
16637	206
17773	98
2248	126
35459	242
44421	181
39819	199
13323	125
1614	111
33914	131
11967	190
11744	196
535	238
36585	154
37881	153
6680	153
8913	90
25371	22
3758	118
14655	20
62320	252
24751	226
5228	226
5225	169
229	72
84360	60
77071	67
23296	127
9435	140
17797	39
46103	208
56239	229
58853	75
3180	224
34370	33
44032	97
97496	181
109820	12
1994	164
26285	99
104920	142
43844	123
12738	14
44334	119
32280	95
67972	191
4402	232
8209	2
21455	61
17994	181
193	18
9706	126
3563	35
22995	105
16232	57
65624	26
8176	108
4243	30
41446	85
7540	227
21060	108
3351	249
6120	205
94119	205
71153	156
6447	127
89908	127
9862	86
30668	25
48837	227
87545	58
6922	110
39692	65
42428	234
479	163
2781	192
520	236
1550	147
3961	14
6732	162
65363	112
73797	187
41434	129
55647	196
14644	112
11636	224
23782	79
8546	26
55198	52
66638	228
53918	173
11412	3
32166	143
17145	150
48093	129
50669	239
43410	192
23052	31
5057	217
2763	136
8983	163
19747	227
78892	195
10504	125
54019	114
7143	183
34140	30
3103	140
9948	161
29572	193
5946	130
1799	207
42980	249
11653	243
4641	228
2735	166
4650	94
69141	175
78194	56
23124	190
50395	28
26660	171
37940	152
98548	20
98277	3
52721	179
11189	96
521	222
25267	168
1556	100
605	110
58028	143
66387	67
89037	129
64977	127
13523	250
15341	146
2411	215
73827	106
88632	107
73567	112
3786	223
24483	159
20134	95
9370	45
8570	228
35040	217
57268	92
49294	157
39548	226
50612	144
52321	201
92953	23
15807	143
14698	186
51506	81
13956	221
23567	109
15816	203
5683	124
8987	102
22808	165
14114	233
27760	180
86	134
9837	204
71824	198
38345	242
79552	142
21407	59
21422	241
18936	15
24504	198
67538	112
58675	71
19037	46
47	26
5651	247
27523	172
34028	23
53071	154
9468	2
46834	130
14364	54
52276	158
64289	44
35299	102
16478	62
1833	131
25168	83
46887	126
54609	6
29432	13
42785	126
96411	190
11427	113
78093	98
24862	206
31555	192
9606	123
98047	73
55819	126
14570	37
8149	18
12696	134
27081	150
6878	102
1680	100
4788	142
40511	149
23783	201
75572	137
112	40
10017	51
69814	20
3381	43
41081	21
68456	131
2337	32
1700	38
59472	197
12781	216
84286	95
50108	57
26767	195
2291	240
9326	228
60313	85
77034	101
99369	212
63214	48
28785	210
4486	10
51861	214
4165	253
109386	136
2648	42
18578	114
45097	234
27504	170
2938	197
14557	223
10658	131
7381	10
112311	248
62338	251
3845	96
54537	139
76457	154
13278	225
27465	250
63655	173
51380	204
14342	129
17538	218
28314	118
89386	104
75762	225
89357	163
11194	59
87188	109
22148	77
48991	142
19858	42
30427	22
13682	232
5004	141
17155	210
48704	79
111139	141
24268	6
86327	191
110405	71
52386	118
44292	254
36178	228
9430	233
683	10
2627	52
93883	50
16460	209
95815	174
52331	229
4079	126
4997	153
32420	69
1987	107
59811	64
1333	32
59575	188
1809	28
25497	168
3090	35
42767	27
16569	154
32836	179
18654	47
61844	222
95787	2
75324	103
19105	63
16838	84
14744	195
39771	165
78383	30
71494	148
68718	142
84033	137
19805	161
12001	192
2324	202
3912	53
9290	65
9050	226
153	204
71869	136
76170	154
5528	57
2011	208
20504	153
14088	55
18249	241
1713	234
100825	59
79	149
23193	34
10748	100
10598	77
57867	146
29834	91
42437	192
31379	96
41764	224
21363	103
4379	98
16073	156
17896	27
23812	6
19877	175
82810	129
27166	128
27915	135
39314	76
8184	25
82495	91
156	15
1913	51
84333	63
5542	126
32738	171
26065	30
52523	131
6338	78
53486	187
19376	121
25536	224
661	34
2099	49
45012	38
13912	87
11040	49
29769	212
9828	149
45069	68
1980	21
24925	113
63102	243
56040	193
30562	198
725	64
7661	90
78415	40
23861	27
81058	29
26285	208
19563	72
1066	224
25617	87
113918	235
16771	20
81726	24
2238	38
30379	89
91599	217
34390	200
24630	190
3751	87
22487	178
8215	57
92329	28
248	81
93335	127
60198	80
64808	30
10837	177
3768	140
50565	62
6296	97
10328	232
16815	169
90040	133
3006	22
10365	115
83896	93
10942	107
12216	48
2740	100
15761	51
29850	180
11333	79
56882	202
9681	112
11501	246
14619	59
64144	255
6176	153
23773	230
82946	28
36067	174
61120	151
72705	129
77499	164
47793	98
38399	94
122159	59
43450	75
64341	202
47869	208
47284	34
26121	65
84463	205
5930	239
23612	107
73396	134
12340	120
8127	159
37571	226
5975	114
38117	74
35327	107
9569	167
55658	92
3068	151
12763	165
1497	49
54677	124
48840	107
31909	22
9252	219
8548	156
73777	137
8702	202
9224	230
37799	22
66196	27
33092	230
5906	166
57945	163
17118	155
15993	171
16101	56
13405	67
28838	65
2719	102
67142	94
40965	67
15494	230
20169	142
587	60
58872	83
1422	206
2500	126
22174	158
5427	112
1375	195
8805	255
533	227
87505	65
70572	58
44077	243
9159	239
81459	80
72831	242
1724	104
47870	10
4381	25
84962	58
29580	89
36833	137
46623	69
999	175
46040	240
94340	156
108756	186
6241	194
85325	9
16475	187
33896	92
33787	213
51455	119
383	36
30942	58
89970	253
78368	15
109514	70
16454	51
14141	28
11527	103
10612	184
63376	73
2600	200
7112	172
14451	93
16070	79
71024	57
29678	103
89916	188
493	13
56462	180
1514	7
38014	53
11356	119
13801	117
38848	124
121	173
81228	118
41868	162
6490	65
88189	196
66081	242
56695	250
54499	230
97370	194
48057	238
8144	252
72338	211
22311	126
25494	234
4410	126
62223	152
91147	78
42770	199
69805	78
42108	124
6844	191
77685	26
9942	202
91427	134
4410	97
606	177
44403	107
10760	212
39872	152
34191	55
63992	124
79441	209
5150	161
79913	240
3383	80
56741	134
10279	2
113626	93
4317	245
53088	147
17096	79
6440	34
91886	82
89649	147
104797	110
2383	214
10974	77
27698	97
77311	9
41427	64
34013	143
84798	47
39081	125
10256	186
1264	171
43471	87
25397	35
52832	98
62273	46
62484	83
37356	119
54966	248
22348	174
3603	221
46653	71
40225	203
13947	57
77604	218
81170	228
25216	204
36078	18
61381	217
6993	92
54558	181
43319	185
3968	224
3852	80
9287	230
10	179
50354	218
25673	58
66533	255
63656	233
22648	146
48206	132
29333	54
78829	31
43893	240
42411	206
9881	75
471	63
57610	169
3646	218
79245	147
2959	69
27973	202
23543	44
52192	209
29313	254
34151	71
61534	78
59363	248
4256	116
77782	179
19174	228
3138	82
11207	111
18103	101
22703	168
11532	104
29906	197
7915	236
7698	66
65314	110
102043	51
26042	39
18041	107
8900	85
13110	14
32274	71
97396	14
311	23
68895	151
59907	56
7936	17
2176	225
4734	164
2117	202
70713	71
10579	129
375	226
1319	43
2168	175
21232	124
715	75
17614	145
48788	7
24961	196
34130	52
905	33
73097	20
73524	233
6742	35
58565	190
99158	53
15304	108
103173	171
7148	34
8932	28
45796	124
41413	136
32775	86
50321	69
545	83
106756	17
79319	213
17698	199
195	116
3263	143
66373	114
38906	190
48394	191
39229	134
12081	48
5973	5
42476	111
3114	112
32416	20
23708	167
5101	85
49301	97
55780	177
15872	219
39053	161
7413	101
1428	76
48076	156
42421	103
10026	130
29276	195
5301	81
24897	86
7756	19
8820	104
47567	88
27028	167
21674	23
27716	229
27945	85
32456	231
1085	189
24372	178
4792	86
29531	168
43984	239
39846	9
40124	180
34518	191
64452	145
74630	131
1237	29
5183	114
8773	242
5518	54
6743	72
25198	62
20939	141
6561	98
1921	34
70452	130
1620	70
87974	110
3563	142
30862	72
37447	31
86134	235
32061	34
10146	144
17123	88
52704	31
7555	89
23555	148
20272	221
26981	62
59688	135
6740	240
2107	162
41566	93
77271	234
57447	193
13191	209
43120	158
12331	11
61755	102
61950	88
32504	58
36218	157
105319	74
64969	206
15918	30
12478	219
45168	77
2483	127
7287	147
13404	201
123107	236
19944	79
8627	220
104059	149
22200	193
6974	12
36011	43
19242	249
17309	238
58995	28
70018	249
6972	2
77408	22
11887	89
12056	212
44863	98
30065	250
1498	96
18242	189
9872	78
48607	119
20286	241
66052	193
38392	29
961	16
57810	238
60548	98
2920	228
66	180
16250	99
16200	48
21175	152
13350	16
17807	194
5330	109
96246	73
6339	176
783	75
13031	73
49384	45
77721	142
57787	84
37295	254
80240	192
22006	124
54223	87
61217	246
100139	245
49355	41
55986	77
11917	138
8563	49
470	214
30132	80
10519	200
26250	135
10540	188
22531	36
24555	206
22055	38
63109	20
56684	231
60278	191
46240	73
547	208
66085	252
28954	175
2360	170
20954	136
41384	238
31140	160
3586	93
15128	101
14964	179
51444	238
24543	169
5144	10
26557	122
1705	255
24379	200
111761	211
34266	51
38502	106
8171	110
13187	187
88025	188
38399	24
5129	135
94963	252
18564	90
51215	92
37059	213
11202	75
80647	8
50602	61
20640	98
54990	198
21672	195
12796	2
10053	51
2797	6
12255	114
2672	209
18569	64
35507	31
30536	139
7624	174
42275	240
22294	196
46459	76
30291	103
43385	116
9793	171
43851	178
54926	164
6543	161
6366	30
75624	240
37782	17
16564	4
40282	213
66505	241
107929	191
33325	251
18861	16
53342	10
63409	86
29513	165
6286	48
77384	67
8418	212
39709	189
122289	47
50453	41
4711	58
6711	140
19417	9
16817	241
6702	169
32565	26
26245	161
57609	113
1203	8
32357	115
23833	168
8460	68
88827	138
130	39
9808	234
7786	245
3553	93
8404	85
4391	242
80978	95
36180	25
29189	30
23533	224
74358	168
18511	226
102330	206
69330	128
12503	44
2724	212
32499	142
20460	67
10576	26
53786	168
1082	80
26933	59
58851	146
5914	30
27604	94
23326	19
271	60
25177	55
10181	72
27002	171
9348	177
19171	92
636	188
90472	62
61484	98
96235	151
11071	138
19739	67
82533	194
7835	224
25515	129
7087	91
6304	27
1262	152
67656	3
14900	32
12631	32
264	16
367	50
26090	80
8573	254
8314	199
15459	121
78813	111
907	5
39654	153
9483	114
94408	185
47851	14
5021	72
83285	230
9458	89
973	67
9235	63
3195	138
38606	126
94359	78
31000	196
8869	10
201	14
51104	244
30219	151
7292	217
32614	208
3010	184
15875	150
6013	150
4774	253
44055	11
39359	253
13613	49
33274	57
36462	244
16958	7
23553	25
33178	43
27737	15
39046	254
18122	6
2491	13
25818	88
19230	175
27287	54
24244	235
3338	150
87511	176
11342	211
12624	108
22304	136
19048	52
50321	43
12976	172
17195	14
37551	175
57395	143
3627	149
34395	10
55183	148
1545	199
11549	132
51841	60
13358	83
24431	128
11629	7
14748	211
1314	220
63876	130
84132	228
3601	4
63268	133
68672	73
49471	165
79459	104
195	211
28987	139
59350	198
20360	229
14471	12
13070	34
6074	120
16398	21
32367	86
71461	251
25428	61
24923	147
6448	87
78417	30
2066	151
38294	198
17037	36
40470	102
69962	214
6052	56
17020	137
1746	218
55434	122
29888	217
56770	8
4907	232
21764	2
78926	212
21387	194
56138	90
19955	223
27348	44
73611	34
6768	110
225	16
21982	141
80766	193
52526	125
90338	147
36341	55
17970	158
27050	6
4691	197
1972	52
56830	213
8192	203
34430	55
15296	189
11145	15
20483	251
60482	111
37913	18
52699	39
100064	24
73018	16
38823	90
2417	115
35019	240
11437	254
15129	222
4579	4
11977	231
27376	110
5223	153
23069	54
13675	70
61372	92
25335	127
15718	78
13164	75
18659	157
3233	138
81284	57
14205	31
57451	78
42395	121
43840	189
2311	192
3200	233
7007	219
3486	234
23128	113
13727	229
80561	51
11941	170
75416	117
1270	30
63398	25
18990	165
14611	22
83104	159
1470	86
91492	134
43410	102
5565	130
7565	129
48722	152
17646	173
41555	159
13602	113
6628	213
12906	94
67052	166
51969	28
6407	144
5208	41
43834	89
4946	204
103433	65
41294	253
50297	157
29533	204
1244	46
2216	99
3538	82
13011	102
3289	200
52206	14
93274	158
21963	193
43560	165
10802	60
61129	106
1568	157
11247	190
2358	68
55627	125
49316	106
12237	87
31723	236
19285	3
85039	157
8840	176
42059	36
73525	6
38171	171
52186	121
13348	125
15404	88
1720	222
40134	65
5306	68
1806	127
9440	92
13926	191
29255	79
68277	11
5786	237
60019	186
5225	215
37048	173
10483	133
3472	217
62524	61
4687	27
22007	38
3190	92
88829	94
63035	173
420	27
21634	84
67006	107
36285	197
5840	53
49408	139
16385	116
15619	251
4631	225
76805	189
24919	137
2443	141
3548	213
10850	233
363	134
3428	152
21515	46
66113	197
32682	117
21369	177
71166	72
38446	21
54044	245
19826	112
96163	197
34336	53
33833	43
19557	57
5025	91
2007	71
35214	157
16248	79
2129	141
1329	60
47499	49
76730	134
13553	184
78270	239
76070	17
21411	242
19963	24
6771	218
53021	92
8270	98
45367	39
23466	179
23499	84
10894	52
57272	111
35914	214
57909	185
82622	15
36917	18
21	243
36630	225
32266	26
69777	237
7048	229
7293	3
63722	78
4989	47
16154	145
25349	9
5594	193
65748	48
13311	138
31091	132
18098	41
20578	155
35599	136
60590	243
68144	18
54575	131
33256	168
7978	190
69738	70
30638	138
52931	233
17874	175
1129	109
35409	248
19670	165
78103	64
94453	186
36627	135
38001	80
27143	210
6302	130
75659	28
76382	212
70503	132
53506	161
17394	7
10637	27
6334	84
91263	184
37724	194
5834	135
20775	13
16221	29
15180	219
9628	204
25119	45
62266	69
83421	176
38100	32
21559	136
22669	67
2346	8
78742	18
20128	168
22330	6
33305	19
103481	157
55477	64
34921	227
38760	4
359	32
24120	240
23947	193
5701	138
22101	236
1896	235
90114	178
49799	30
6545	134
45026	83
15962	156
29456	127
28646	215
26085	138
42043	6
110270	59
46237	126
523	74
4602	171
50306	224
22277	19
6369	161
2526	133
35225	187
4928	20
34064	165
8498	189
20429	195
12154	98
74374	205
7529	147
87628	227
41992	93
5815	75
3971	90
2980	143
67640	182
33597	120
11834	97
29702	8
8402	241
29309	51
40369	119
51836	203
74368	41
17362	251
12703	220
4965	14
1976	235
17621	79
2759	249
2984	164
17664	162
89662	102
37867	200
4078	165
14382	113
83196	60
2828	198
12699	151
19104	206
48233	200
11504	173
2585	145
1279	17
67925	143
6993	154
22280	167
57710	33
2466	103
30204	142
60689	127
16421	178
67310	98
44427	245
21721	209
5469	181
1493	62
95025	142
1362	63
13809	197
10816	196
4687	145
1404	103
1206	2
17845	53
23876	145
16716	253
1269	201
90776	68
9972	57
41857	143
48089	23
53984	33
26856	72
18598	129
1410	145
20354	239
1484	205
44146	115
14153	179
22652	41
36529	249
39131	221
54163	215
20797	2
10957	162
1006	104
19552	101
15331	219
64082	38
3323	88
57037	119
9355	255
81533	254
31807	163
55572	9
1288	167
24504	193
22950	75
9940	103
27912	9
10027	195
5705	152
12320	199
318	213
18002	92
13140	198
48344	140
3838	92
65508	41
46612	169
10810	74
35981	82
9650	169
35162	177
96560	218
31881	193
83828	217
101175	122
43522	8
106698	152
12378	250
23761	82
78672	74
3378	201
46786	16
569	97
76757	130
46219	239
9875	89
11941	54
9934	118
61307	113
16902	233
18469	27
23033	222
7203	48
50865	205
714	160
29847	34
15626	198
7212	43
55409	102
23737	242
50428	50
81125	89
41945	9
11305	104
121422	243
72920	214
16141	221
6074	22
15276	113
105389	254
5728	66
16428	176
3298	137
39692	50
12601	217
1167	188
6478	58
24910	224
40499	37
75945	178
24902	76
82469	241
41223	188
17077	35
57538	9
4112	242
7618	134
16850	249
6109	88
7808	17
22331	226
3516	91
63356	91
50738	173
1880	21
182	38
12771	26
23554	244
38458	69
71643	250
2260	24
63884	154
26624	17
9968	90
33241	66
17410	79
14932	234
3992	165
33267	2
9739	12
9588	150
521	226
30900	73
101597	101
15438	228
57230	90
9202	213
2776	57
1306	74
5631	30
7126	4
9039	124
80993	221
41333	102
14684	231
8122	83
38989	180
69969	221
50925	80
8046	78
72504	204
6962	15
20036	65
15444	43
25177	193
100666	31
23483	40
109017	189
67212	185
90712	98
3834	232
58932	232
21106	149
1740	182
54747	163
3863	15
12984	195
3163	147
12381	70
3590	188
50897	211
1734	96
50575	172
46259	116
6320	229
22282	207
54438	221
49951	150
49739	25
4837	135
665	88
12671	15
10055	200
57939	178
72555	233
39535	233
41470	255
6634	200
48647	189
29126	63
11553	151
36742	59
10936	19
7990	139
36615	41
47476	200
19634	249
12277	51
36998	146
17483	73
1449	45
39680	2
39580	20
27224	147
7147	101
44813	196
18955	151
66797	202
942	37
4033	207
101769	84
14906	176
33010	22
1715	170
625	114
32224	152
10266	234
66778	25
30557	159
72650	133
2051	86
29302	58
57135	16
18535	166
34294	171
29980	79
33888	233
17644	193
16307	202
102470	28
70759	192
3823	118
23381	200
84529	188
2252	106
3519	81
24342	26
26626	222
3991	70
16073	64
38174	137
42514	234
4613	32
4276	238
61783	226
3518	118
33316	190
741	212
1402	38
21184	229
22277	35
32935	169
2044	71
74957	195
4058	133
14211	228
42645	129
42277	247
5546	240
62764	27
19962	10
4725	169
22048	228
54122	20
102967	194
27341	246
92758	230
72856	10
48081	147
12066	221
16156	152
76481	249
31772	30
40450	19
6514	201
19326	204
72318	11
22203	179
26333	74
68461	150
59492	197
4959	141
12319	217
36171	139
43173	197
2299	92
78311	81
14783	54
36416	229
9994	202
839	210
51886	80
39885	84
8179	147
38160	68
1979	84
19211	110
104861	216
30244	144
53924	130
27316	23
11579	61
10905	65
18275	72
3891	15
25840	69
25181	160
19430	255
27304	35
46657	19
18786	55
34505	162
440	35
66772	142
33669	137
49377	68
8762	194
13364	7
59004	167
8940	226
5079	135
8184	81
21039	38
25363	191
1902	30
46116	168
15008	52
83907	213
6652	107
22877	245
53551	188
17680	83
11222	36
3864	176
59882	68
5153	118
64108	101
53444	32
29520	231
21585	16
70801	178
84560	140
74918	229
1581	105
44645	5
16326	79
11309	80
28020	196
18096	77
80750	245
98526	208
19595	60
71737	114
85884	64
17742	215
74251	219
5315	118
5690	117
22892	98
9819	168
32199	10
22451	191
67354	209
58161	209
12437	11
18851	40
23188	189
40420	187
4863	245
35418	169
1675	249
761	167
100506	62
19436	3
77527	252
10968	242
20215	146
70060	223
4231	185
28836	40
72704	158
1853	189
62591	120
78838	16
3732	131
51681	63
4887	17
84	132
29292	184
33783	45
20820	173
9903	42
19190	229
29351	21
22382	175
22818	56
55294	102
6465	28
60425	158
17075	251
12864	31
9706	37
6063	87
64878	45
35480	96
9743	185
50841	15
59165	153
707	49
41591	14
46146	237
57916	182
34507	112
105005	121
78890	79
1593	80
31137	192
8754	203
23963	187
60189	65
9649	14
11468	228
4874	18
15638	214
43740	12
18647	8
49836	5
54753	230
31021	146
66013	29
2426	102
13479	97
36026	234
75509	160
81070	196
71355	4
4896	137
5600	59
26194	34
1315	128
57974	224
27038	146
1184	31
85706	52
767	238
52828	250
7675	80
18705	107
18805	53
17994	192
54434	57
12201	149
2401	48
39211	135
25421	56
29037	78
27891	32
58086	84
64332	165
17232	86
20121	68
55174	203
51161	157
40972	167
53888	39
28520	174
18321	41
9870	174
50926	198
35166	110
67644	247
6058	165
22558	218
18356	54
3580	89
28490	184
94618	85
3266	141
15934	211
3337	84
16025	67
7079	26
30326	19
64173	117
3261	111
68418	183
333	177
85287	90
3907	76
15308	21
9125	62
7878	187
40800	37
89767	42
25413	188
21950	221
41275	210
4066	227
37838	211
64703	147
3178	202
54038	108
48330	226
73641	224
3084	31
22346	215
3677	20
28256	42
7269	21
184	17
11254	41
37836	183
450	148
3334	140
40	152
6638	97
23233	70
37733	138
46165	193
31492	218
68269	197
14820	28
9324	122
52	59
2763	201
40800	51
34640	181
35592	130
63591	236
14286	134
53107	186
506	193
87766	34
15160	49
56956	103
8338	104
17750	114
84236	113
21169	60
3556	33
14401	29
94752	8
57365	251
33733	252
1765	243
14498	2
87412	32
67807	83
81924	29
5006	2
21782	234
8347	45
6686	106
71489	49
14947	160
19995	160
28364	165
52422	150
52460	15
39651	111
33371	92
1891	47
60860	231
65365	38
115003	195
5330	62
33643	35
19157	116
23750	53
32248	157
4598	31
11746	93
52836	171
101769	206
32465	55
70046	194
16207	156
32772	154
1066	168
1152	237
5067	76
40401	182
27491	55
40737	214
16873	218
46551	187
599	62
57907	251
83114	100
6160	183
39723	177
50830	162
1976	78
87634	39
85702	79
51782	232
73353	32
5621	67
6075	7
29057	225
3994	153
3444	92
9239	30
12293	239
109500	39
1377	36
43571	185
12524	64
35842	169
176	48
19764	85
19122	100
18687	200
21734	144
12680	96
42778	248
12460	52
3784	94
33021	218
44580	17
1639	171
95251	74
53538	86
1611	6
86561	201
21846	200
39383	191
10747	108
68618	51
61959	180
21614	228
3458	246
6958	41
28018	126
98756	176
754	243
49522	12
40016	114
63771	183
30205	7
60658	222
37868	118
964	62
89278	148
52026	180
25976	193
24374	58
40652	82
1948	91
10041	186
1232	56
2	53
40525	163
26206	68
18427	51
63702	239
57944	254
3451	33
110310	143
9423	211
30969	233
14509	74
76200	237
103867	128
82501	30
104483	80
10862	175
95140	252
28738	175
23309	72
70389	133
475	104
73460	28
329	162
1944	22
2606	36
90109	12
33584	58
4823	46
50157	238
25138	48
21696	127
22031	243
15619	93
43308	48
29518	109
21871	2
25296	152
21618	200
104401	118
93426	225
57878	5
9410	134
52183	184
6468	176
35933	97
43987	104
59630	108
35063	208
1314	57
99114	41
2641	51
22654	30
4024	141
26825	243
20901	159
13512	251
80557	165
15527	100
36248	31
60370	79
25482	215
41517	159
5899	187
93169	95
74	90
91605	217
35095	247
112461	167
53752	8
3684	40
13517	12
4109	122
3594	220
65007	130
3466	48
84073	210
34160	42
29913	153
25840	98
49875	200
24029	174
117179	193
381	226
10034	5
21091	142
10008	5
120308	5
67558	98
3684	214
37599	118
20518	230
27647	61
13402	193
44711	90
16392	124
20349	55
58573	130
92571	187
2054	115
25301	74
70858	250
6006	150
4738	241
34668	90
33466	107
1171	175
43211	5
13757	109
38713	7
17864	52
36742	191
52168	105
7618	76
46932	121
48896	110
55174	63
17622	109
15843	67
70275	214
85469	252
35229	201
16296	13
52267	34
43414	105
2753	148
73044	104
90576	239
1135	138
667	191
585	49
9138	219
1623	64
20858	120
24363	114
33232	254
18218	147
34250	109
13100	161
118899	46
30996	66
17301	205
33472	71
43497	13
42698	30
63450	245
21801	253
44730	24
33883	194
1387	69
29390	217
8666	28
38131	65
24244	222
37035	89
26980	41
432	85
14889	114
13032	140
3941	64
4839	154
8929	89
73622	162
75807	203
67296	155
114223	177
10284	85
10917	175
11944	240
49861	51
37742	114
38795	218
72894	159
47209	254
12476	14
39849	234
4134	246
43181	6
27281	5
16552	8
75363	141
24899	10
32893	196
2284	226
34989	187
7919	59
36920	224
18292	36
41836	248
94567	143
21636	12
40781	46
2572	19
26506	158
24763	79
16343	172
7838	114
3850	128
90808	227
89317	121
1207	172
59042	110
873	121
38348	238
44156	57
84076	118
76508	114
24895	170
37441	144
2725	128
10162	30
86971	154
4298	212
80948	37
16158	97
5713	8
24377	104
71905	156
19099	236
17247	8
16067	24
58305	42
6064	190
102704	79
12273	228
90635	46
41759	169
82840	61
30841	151
46440	91
2976	247
25385	113
10887	236
3241	80
27434	214
15263	37
3005	139
36643	55
3040	134
106601	18
47592	237
10143	125
25218	23
40	120
718	204
19670	183
4547	64
85941	89
14389	182
20418	238
36027	162
27566	51
1407	162
11978	136
21388	223
5359	219
24222	172
47909	84
20330	189
13280	188
1887	34
34520	233
3383	172
43147	231
48326	65
54416	6
14959	232
5295	237
102735	84
56265	187
14794	82
11845	195
22229	156
7008	252
83888	104
39950	106
75672	65
5238	250
35447	81
27233	155
1257	99
32295	208
43488	245
71070	111
32502	130
5764	27
33033	167
1996	129
9977	176
12300	2
38866	169
431	52
49466	240
5226	77
2856	153
64759	4
23714	135
13380	110
2783	191
92971	229
15280	24
72415	213
4821	195
33560	230
72167	66
1107	247
27978	134
39035	166
22114	139
5208	32
45362	193
4981	21
17155	22
12971	158
11982	194
24601	117
68221	160
112574	178
20594	166
64465	131
3972	108
33041	36
5068	34
21841	209
5403	156
16949	37
46694	172
1039	165
29798	192
7927	218
17147	185
62803	233
20420	181
1763	29
12527	11
10984	97
32738	46
54296	82
8574	199
26234	147
32134	82
14164	146
75886	4
104190	109
4752	97
57231	79
8813	212
79	145
94041	74
1309	254
65490	23
18965	212
6085	201
1361	3
23036	219
1317	16
82237	192
102987	232
1052	205
23827	188
3040	220
4450	38
12027	234
80621	232
119465	242
69671	102
43939	160
4047	131
57786	230
7574	193
95608	167
26014	91
100749	185
54526	70
8301	20
4744	81
9880	144
111142	82
27051	7
3849	112
4697	198
17947	151
14390	152
3488	106
4449	156
5653	252
7427	186
2298	222
23045	201
81075	175
9673	125
21109	8
48461	59
50215	214
17528	103
57064	115
638	127
5127	230
5844	90
114803	164
21948	15
9574	254
95944	241
97281	184
14589	92
52651	175
1339	243
41941	19
43093	149
73970	155
8667	108
72771	178
67256	180
26409	84
82101	74
60312	52
31006	246
43709	150
56452	68
4216	22
9407	82
16295	17
1277	52
11095	212
18198	188
14375	197
3498	8
2908	33
30886	55
92210	186
40333	21
33376	204
66739	243
78142	77
13	89
63355	232
14498	192
59836	216
88737	157
52662	186
8341	160
31197	83
120469	228
3105	224
7320	167
475	64
42926	66
68073	11
746	23
24814	106
37491	120
28985	130
15026	141
15264	143
22956	19
14070	62
4436	192
16448	206
31023	12
39910	80
556	120
2277	103
46961	113
4956	117
2675	189
92863	242
96658	115
4944	166
25883	94
14633	163
31493	243
5	204
883	129
8309	12
19329	13
15229	179
18027	174
6926	97
36187	217
39961	136
82614	93
87733	7
33644	139
9644	87
61123	116
1282	2
21153	58
17683	17
56115	78
31933	47
52483	159
600	68
70279	94
35742	118
22232	196
59640	165
515	200
17673	12
21067	144
33756	139
46789	61
624	74
27742	201
10277	29
11990	149
2843	87
80906	41
25492	2
38172	227
7825	82
29405	79
9053	218
34322	89
26757	11
21455	19
2225	162
10748	4
78889	151
36262	238
20206	171
4943	179
321	197
97874	244
2205	127
56697	192
33340	96
12318	115
29411	173
10624	206
31114	70
2908	92
11564	40
69372	195
41259	54
28021	28
18477	178
18957	15
40565	143
88668	169
10118	182
59937	49
33321	26
3103	196
99075	113
6257	217
19468	186
74750	84
61944	116
25396	195
14866	10
27931	199
5531	168
45967	28
36438	36
4392	200
78171	228
16327	56
44538	30
38960	41
15619	232
16892	143
19120	78
60257	126
27667	64
79717	32
13324	215
28490	170
27057	99
45064	76
105575	116
11266	209
37634	23
3791	232
8068	56
11619	224
1229	239
54484	120
7731	86
36892	212
37284	113
10431	64
26243	157
43934	31
25560	78
1683	135
8292	212
126	160
67831	4
7820	92
5544	210
8836	26
44149	53
29024	85
48325	54
5944	145
51194	35
68216	60
12449	42
15433	169
73455	210
1513	169
22408	11
4951	39
22312	215
14356	73
5174	18
33185	97
27761	170
52353	191
105274	226
77133	83
63801	176
88552	71
8676	55
17262	65
30615	237
83531	129
61282	31
16284	74
27042	96
4955	66
583	90
76069	116
26433	38
98607	186
18963	50
11124	105
415	43
13591	73
46948	185
17337	84
34520	175
16102	122
106945	103
60698	3
11053	164
63542	26
965	60
1592	212
32126	46
12516	221
42815	232
32799	210
6042	136
66601	83
3018	95
42402	84
38153	219
38104	132
18119	188
9923	117
10734	200
36485	67
6285	66
79399	144
74183	138
64881	142
9339	220
34065	62
28804	156
34129	180
57305	166
41746	25
50042	241
4867	165
15810	141
3132	205
47767	54
9877	156
43673	70
27288	142
4397	157
30799	240
40175	69
28895	227
22545	96
31457	184
3115	119
34436	251
43055	248
11463	92
22890	140
97281	197
58908	162
480	71
26759	137
16517	30
67978	169
36112	206
2779	205
55481	252
68746	86
11523	216
16047	201
76800	8
30287	14
42364	29
25506	225
12267	14
52878	109
976	246
16460	35
89909	135
20791	157
8176	139
108708	251
8691	172
87729	36
31122	28
45245	62
3779	169
26183	255
19079	201
39929	80
21196	170
19420	140
105493	147
62118	204
119189	69
3138	235
5899	108
6077	192
18431	74
24650	153
15923	225
2861	242
43470	100
21797	191
18631	236
33556	106
14430	228
8058	175
54798	141
53803	190
11557	103
38788	143
52452	159
7623	188
5223	7
3357	49
24090	59
11837	247
58496	253
68059	128
31975	35
8317	107
54986	98
44523	188
29429	51
557	107
77255	89
30522	151
21205	6
21994	27
5684	106
1838	80
10328	160
22599	120
14373	99
26380	13
13307	255
29725	152
24316	40
45959	255
44661	174
1364	121
72702	140
6396	153
563	41
10800	22
12445	75
83747	30
21740	114
8665	225
7780	55
9311	94
29701	182
23544	110
19969	49
53284	249
36007	53
107218	230
3163	40
20847	67
13055	153
735	118
1635	95
30100	230
30788	24
282	157
73244	118
16757	141
39168	13
87359	133
42451	246
15370	117
9877	113
2788	104
17489	27
31790	149
6814	200
6812	38
3584	49
90153	46
33588	53
33098	51
54046	243
23251	141
4548	31
76890	98
25804	148
47882	105
909	174
3125	25
11693	120
84157	173
4941	251
43380	236
127	36
96592	207
37866	90
76483	173
118559	237
13582	70
13057	222
36074	163
48228	132
9950	145
8540	162
34727	212
34809	42
88263	70
14478	68
47916	219
1955	34
31671	186
3811	235
6803	114
3194	71
108409	96
18089	188
2498	63
29337	183
7697	204
7817	224
18022	75
76424	185
69671	203
64322	94
98544	219
40415	108
11890	156
62078	128
11230	46
42756	56
29945	171
8716	92
8076	183
101229	23
13723	146
4768	53
51271	76
97602	85
1507	134
89294	172
9676	246
67391	100
29470	161
33944	82
21629	207
26364	206
30242	75
4531	173
2374	246
41633	167
16875	170
88221	28
1533	7
12119	73
115512	147
2945	231
49921	81
59439	74
6385	184
1099	220
19959	182
27307	41
12941	176
24237	75
26507	139
40316	165
4355	214
11196	89
47743	252
28375	148
5342	199
3971	239
9816	188
32897	236
36430	203
61580	252
55775	61
47909	170
27081	102
98431	84
37832	89
20169	238
1191	225
39382	199
29367	111
38734	185
29787	217
38684	223
5761	209
47099	62
14938	100
61524	48
55586	68
16915	59
25734	224
2194	252
432	172
19765	145
35016	161
29594	180
8284	80
3565	9
20068	76
33069	181
43430	140
12796	114
4011	11
24053	78
41285	163
56146	108
24798	147
29247	243
98913	143
37479	24
9936	52
11252	2
7726	175
1256	206
45036	223
1127	158
2907	134
71454	183
36224	32
886	173
41307	69
189	243
20948	158
12700	182
78304	136
55354	96
20768	229
3146	19
31955	40
53021	27
1520	137
26961	10
164	240
17069	171
35957	228
16567	81
28164	245
2672	95
19972	153
13526	39
17867	108
48049	104
8471	190
47838	44
98346	237
59013	157
24161	119
833	153
38698	244
1582	183
94552	225
89664	78
30327	212
528	234
12832	71
38169	12
1986	142
44400	49
16963	178
30152	106
85066	141
20032	227
60651	188
60133	86
10255	99
38343	18
27652	130
82611	181
32083	35
49473	129
33718	31
21607	42
5396	200
9280	163
91106	220
93868	166
1484	16
3784	87
41412	48
89747	195
51427	89
3776	238
37819	85
1452	173
46957	132
40610	253
24321	60
36099	147
56532	193
94170	188
45535	145
39378	246
15790	61
13064	21
31615	46
15199	157
63935	249
48656	46
88318	29
539	26
39118	117
11330	112
12332	138
5928	229
106449	103
111432	7
28013	157
17308	102
80221	125
21751	139
102667	152
8686	243
1411	128
16311	77
73174	225
7064	204
36054	16
31308	212
20145	55
38924	136
8998	8
794	96
71800	176
54274	112
28319	92
75411	8
56193	36
35386	239
361	138
31681	91
36731	142
4301	252
12668	27
37517	234
27151	15
64570	138
73944	106
10800	241
11529	74
83894	129
19906	150
62564	177
2512	222
102724	52
2958	217
2343	94
28148	17
5185	206
2101	238
1115	183
55755	79
7428	31
15694	42
3635	59
9033	185
5164	153
19438	46
17741	149
717	27
15236	92
200	130
14037	236
8547	226
116648	45
15590	126
51621	194
57311	214
89336	122
10863	244
11090	192
38145	76
59889	66
22361	233
88030	178
16824	17
8407	213
20454	215
64357	94
3100	73
12476	194
15114	152
2966	235
14327	156
4870	92
77191	85
1225	117
5979	145
103069	117
37000	175
50794	148
52481	232
1008	48
24926	3
20966	203
68127	126
66810	56
57866	213
30293	110
12456	253
12681	139
47661	54
11784	122
58211	243
26181	144
41716	132
75143	179
2954	41
35193	18
29	100
6518	168
19959	88
70080	172
46896	238
651	253
35824	246
106618	105
19813	64
3859	203
1370	10
95561	214
28245	53
8119	17
620	60
3694	174
35485	73
36488	236
2099	199
12066	50
14223	14
16873	91
30374	147
32325	5
3448	214
48509	103
67177	142
42585	164
8859	227
57787	223
10554	191
21155	231
39638	59
27771	245
6120	54
2767	68
16546	229
45454	32
77880	137
60125	63
83252	218
6081	2
9678	87
14532	149
2191	94
87533	157
32289	3
2571	93
21160	174
1653	137
18646	110
103676	217
1254	102
8991	198
3071	177
94384	241
25193	33
11112	206
3548	98
66020	242
8945	249
11170	137
61699	105
82124	78
28718	252
88068	40
5582	196
82303	231
90405	70
1857	225
16040	218
3902	78
5271	112
239	24
72086	167
21813	164
12545	4
1624	88
30029	2
16913	182
2632	68
1952	203
16768	87
36720	80
7092	203
11499	238
14601	33
84371	168
24102	179
4546	141
4560	235
41969	89
55680	199
28940	148
7470	134
15640	215
34322	14
2020	118
89246	191
40112	38
51997	38
36764	237
6479	215
61648	41
11077	162
14946	249
67712	22
87873	217
859	51
115063	246
11893	176
20285	105
11057	254
45462	176
50054	99
21512	226
32200	177
1629	39
32202	45
19553	156
252	201
44406	165
8640	196
69206	91
79004	217
5999	242
4054	75
7228	77
11833	135
15579	21
681	171
2033	128
65057	179
26953	142
5503	139
10669	226
90309	94
30808	3
22971	9
28832	226
21394	131
83495	50
37548	193
68042	107
8195	109
33188	168
5829	71
101932	30
33903	120
864	28
26084	68
4110	15
576	213
121257	49
27813	243
43318	68
22523	245
19531	25
57018	175
24410	120
104	164
619	16
5109	247
13729	244
83424	255
1261	21
70252	130
16577	113
26520	172
1702	92
39357	189
8874	34
47818	61
20232	204
82845	207
96886	142
1602	191
14197	191
40372	198
43326	188
56400	115
32706	159
16176	195
11288	39
22345	20
83662	153
76758	206
14573	71
25311	56
14435	112
6204	156
77771	253
2500	219
17830	84
46933	91
54493	103
65590	176
392	207
11241	234
74581	245
19183	143
36327	24
5275	22
22793	212
64046	200
30236	144
12355	240
8408	85
59053	167
76328	43
41375	219
63204	68
649	36
74759	207
72544	103
54467	234
20775	5
12800	69
70424	133
38343	66
4164	46
20512	147
33396	151
13756	87
7285	109
1744	39
57131	174
20021	103
66783	156
1411	252
63221	129
19253	254
17567	17
5534	125
67631	88
61032	64
2396	186
12425	164
9320	143
54727	107
4795	153
11494	125
11721	196
4506	175
15123	136
14835	177
46523	200
81552	101
26699	235
106298	205
5305	106
115718	2
56128	199
535	182
60	156
54253	196
16052	19
16051	224
50283	22
82523	174
5955	15
706	83
41160	45
31531	128
29652	120
3146	174
4057	174
68222	120
27778	212
38437	163
19222	92
28500	170
19285	151
5100	77
16317	204
1030	253
65676	220
5529	199
25787	249
55850	143
1806	221
5415	90
2923	247
11537	39
23221	121
19231	33
22479	91
26125	7
75670	34
21188	24
86793	115
2891	189
4151	164
29195	22
13177	127
5093	68
31681	202
6693	125
24067	81
57122	218
15138	170
2930	207
38520	115
2536	122
28195	255
82791	10
91128	29
53537	2
52348	55
9883	118
13350	248
47739	227
2969	195
1714	28
3633	67
63418	139
91502	248
2990	189
15652	176
44139	81
7430	153
42534	147
624	154
24445	107
24623	252
62002	171
6238	171
89814	9
90947	228
12387	137
759	122
31913	184
34554	152
98937	12
3325	96
65138	43
18767	13
17087	57
11313	29
21256	96
11506	56
49766	115
46107	225
44525	133
23915	165
50081	126
20631	173
37568	99
35575	249
11343	154
68076	33
62805	123
8949	56
4388	255
24257	242
20781	251
15659	133
14751	18
29656	181
14258	7
8174	235
536	133
110314	250
4410	216
38063	188
27063	38
60976	130
23051	19
47187	118
29495	208
70593	47
37585	156
53274	98
21642	119
13610	148
25298	52
11281	50
34257	37
754	124
13709	82
44983	168
23876	224
12018	139
8203	217
203	242
10094	193
84927	214
40207	90
16917	145
6479	82
4665	25
6430	41
218	10
16528	157
2007	46
87766	132
45437	200
82077	92
22181	109
47879	31
56662	38
38875	113
13443	31
19180	3
1408	188
36594	240
39441	119
60580	138
14927	209
1661	203
32914	127
46720	181
52386	209
68157	43
15054	75
24952	186
784	222
61669	247
27	38
52577	144
5897	90
7390	196
10531	99
14370	4
21930	37
23562	135
11005	56
66395	85
24715	207
34143	134
38157	38
12884	64
76659	99
579	176
21458	84
2072	244
14792	52
73730	149
49263	122
33475	158
37046	79
31683	130
30450	52
28886	37
3898	12
59937	254
1550	72
20454	211
15832	161
21750	86
28649	85
63896	204
31845	37
4918	241
15717	5
74335	164
39985	37
80043	237
23503	165
38654	188
35511	17
30394	214
31695	232
10919	193
65417	13
27214	22
92230	20
83103	96
58824	47
36139	253
5456	21
47138	99
10878	183
39239	193
29540	20
30685	59
19951	155
35703	133
79686	101
2019	76
82620	58
102627	78
30856	192
74414	224
89376	150
45173	132
6321	86
28918	186
17706	3
85197	184
39678	128
31360	106
24710	231
5946	142
69857	120
45224	173
74646	59
63675	188
53703	102
5176	6
40713	63
11084	2
23630	185
64661	11
13026	42
9762	149
9510	9
21420	237
98214	40
29710	25
16292	45
20040	88
57020	51
2526	188
40033	146
4375	151
69515	38
9036	217
17590	205
27166	75
21740	241
37067	37
16394	23
75371	97
10403	11
58210	54
1565	138
36286	175
2621	242
34943	191
11689	44
4209	210
49144	40
6386	128
88628	114
3980	92
80333	254
110178	196
93858	164
17205	155
25573	84
34794	73
20400	212
1703	77
101157	99
24286	67
63806	122
83278	18
9440	114
39572	2
25110	18
71500	222
10415	217
1954	246
11389	232
15823	186
15747	54
52711	76
4243	182
68397	237
86331	128
61286	37
346	192
50286	99
56325	238
9506	229
24895	136
14387	251
25731	187
23922	99
5114	20
1337	234
55165	91
36921	55
17424	3
19180	46
105191	223
48862	97
50931	103
7464	12
95999	16
2318	16
5006	147
13666	199
83873	158
6298	95
56350	25
20379	229
4627	17
7405	61
82065	154
32685	168
48990	92
92287	101
37489	210
3211	18
79329	172
11009	107
51462	179
10393	85
20240	110
7790	148
22547	184
69965	230
10193	168
21145	158
13036	154
48423	252
19414	213
13037	192
33108	68
99083	115
7107	55
8030	8
102544	94
50012	18
48	58
11399	57
18009	180
2999	246
67521	106
31685	11
4099	107
37158	34
12060	197
813	53
16996	71
6384	176
17156	34
30346	42
32096	78
16925	13
5727	93
15722	22
23838	179
10192	195
49400	182
10752	168
2947	179
1086	239
735	139
64312	115
11350	15
3958	241
35435	196
37204	228
47736	35
21227	236
3381	37
12882	58
61550	80
66244	223
2261	219
25148	118
16641	60
125944	157
38778	185
64784	39
96264	253
26464	39
34221	155
4755	234
23419	196
66693	76
58990	164
173	90
92103	204
8982	72
15253	234
23145	108
1098	71
6393	22
7129	135
22014	169
16295	155
6828	52
2853	23
27698	28
45438	56
12728	93
105002	88
85074	138
1009	37
21173	132
38667	167
507	85
16607	73
7121	142
9099	246
84113	239
43818	130
16548	108
37216	29
1184	43
332	111
594	68
45688	180
54790	207
11638	246
91504	53
49734	220
44417	121
51489	94
68525	56
78461	226
389	105
63762	87
117784	115
45359	127
78976	32
22977	151
1544	148
101993	60
18427	12
3406	131
12084	224
72522	251
106770	95
2800	15
1650	86
8170	67
9903	220
68370	74
54303	39
496	152
67922	187
761	129
9874	121
1264	158
4858	6
26375	114
922	216
433	191
69698	150
12029	77
18849	137
17160	100
2825	35
68169	100
50983	95
20483	87
57277	131
50165	238
13623	5
72837	227
38285	121
5555	171
3068	120
1019	246
49479	115
10263	172
79528	127
40971	109
15913	193
38470	146
106541	157
29578	99
8778	127
38621	27
12306	21
322	165
110578	81
51855	187
17021	56
2554	229
12050	218
23500	122
26420	55
39034	50
93520	171
33562	110
60324	102
49917	221
2029	81
34513	212
5788	234
7124	174
92555	14
1731	5
33745	91
22878	114
18681	28
44725	153
11628	194
84131	133
3406	84
1935	84
66430	29
51994	230
766	107
5528	59
62409	108
7873	173
10035	147
77339	82
18755	2
64980	201
3784	101
47280	55
62156	247
6020	60
12933	211
78847	208
4114	52
8239	252
49664	36
1218	144
2534	213
90028	99
68404	248
11219	75
1061	251
11690	98
65291	21
3513	157
6555	159
2050	34
68388	249
2364	102
4306	178
4343	208
35251	254
3575	56
18571	11
28330	18
578	200
25615	199
40509	64
21856	225
5449	70
51428	77
56418	236
22333	142
10200	232
29784	95
5156	113
83010	164
25067	200
537	37
6336	229
105719	246
38371	228
56608	70
59220	17
2051	245
48720	191
122973	39
7109	79
8748	110
11133	239
62932	247
9936	240
3100	63
27483	138
56970	27
14556	2
40914	150
82350	64
43794	238
856	113
1730	254
35773	132
18006	76
2202	71
15975	53
40205	152
91522	200
44981	7
41607	245
21418	77
47697	28
15996	122
86649	181
1484	36
1139	71
10693	248
35511	185
48479	193
6377	167
48742	227
55817	89
118701	217
399	231
5806	93
36407	189
34702	231
47936	212
32248	125
62631	160
16467	152
42305	111
14221	90
11187	128
22816	183
89868	216
57972	57
73037	2
27027	24
26676	52
30456	56
11813	110
15505	28
14537	86
104764	140
6294	118
2470	179
12901	180
11177	76
383	6
41501	235
22709	139
13609	24
7512	201
23703	237
39962	79
1324	175
98606	106
38382	149
71605	218
32519	103
85028	163
16803	119
16122	9
80405	103
43494	144
20945	145
28861	208
6913	55
20600	142
4294	213
25212	230
77628	61
11022	73
2776	148
1086	185
3044	246
9291	201
6843	13
119302	198
15886	188
26392	171
25731	240
19098	24
45005	111
87770	82
2731	78
6468	214
18290	149
3974	186
25007	126
29072	27
32176	42
18677	53
16270	121
62274	201
33591	46
28122	106
2702	178
5834	166
67056	252
11520	149
20984	234
877	220
83183	125
4982	222
33067	9
76350	201
25179	197
12609	206
14654	242
23284	239
19097	185
13136	33
19619	88
13552	213
2866	24
7098	46
50210	161
11625	175
16406	99
27632	116
100893	210
41769	61
41268	199
63415	209
5269	62
47965	34
26464	59
82724	38
101905	207
55593	5
14285	22
30643	120
7864	33
45103	22
17861	175
89092	135
104718	128
14171	117
11015	67
61993	73
9044	177
30890	42
16763	216
15123	144
44454	192
69989	130
22994	68
62456	35
39498	133
2616	46
21349	147
49523	130
32737	126
86830	90
35610	212
21288	187
59098	78
82191	166
41202	255
8170	115
8667	176
97382	67
86894	181
31156	53
72040	121
74798	42
51998	198
7142	212
14699	152
7833	187
24988	56
27435	195
1691	45
6353	44
658	25
68189	45
15240	234
2482	3
24645	93
41773	54
12391	115
38077	220
93493	248
5063	165
32565	152
10209	28
27107	143
26995	112
26996	210
66939	188
98226	193
36553	225
13042	248
1453	255
7410	245
96634	107
6015	124
44919	161
2018	172
33318	24
33461	13
2843	195
111572	206
94876	239
64255	233
42256	55
18172	162
1447	95
2082	158
92392	245
3193	24
110448	39
45591	29
13557	37
92947	126
38407	241
50503	161
83748	14
17242	236
30458	33
63897	9
92696	132
12388	254
46923	36
14615	175
11870	47
11415	99
16029	22
526	111
13585	170
41122	90
13239	215
93382	41
36423	121
34029	245
30873	66
19057	70
28983	17
9794	176
4704	112
2755	140
38620	24
36689	216
20345	111
75806	106
7685	99
53763	148
20182	242
77074	157
75434	126
830	32
16702	43
55303	175
30296	70
16556	40
19386	171
26512	57
52894	126
11027	242
19632	211
17554	28
28213	158
59787	218
3178	164
39261	4
24215	13
45409	7
16337	107
26368	193
125092	175
44406	255
19854	207
13750	133
55463	160
4432	235
17243	107
40138	70
6400	93
35409	74
26048	109
40155	39
47530	149
65492	155
580	106
97045	105
48367	206
13588	174
31642	45
27402	161
55407	222
16733	84
19746	206
1187	86
75792	101
25567	85
23520	232
4037	206
31576	253
58360	187
4353	47
16749	234
80597	104
4040	197
41115	208
16126	177
440	5
4416	216
24069	187
34576	67
13741	187
43838	107
33536	207
17864	4
13018	177
3524	215
7911	115
1085	30
23076	78
55822	196
7564	223
32766	189
25670	6
46529	30
25101	47
12463	113
29596	238
2617	131
8129	104
43390	217
10173	185
14786	10
29643	38
57509	138
3574	217
4078	166
33736	26
11790	132
26063	126
1725	159
58614	118
22526	40
19588	201
33883	18
104008	9
18019	113
4474	237
9184	254
7621	100
17433	95
36896	150
3945	230
97021	165
324	159
23200	248
51689	152
13042	178
50077	58
19592	114
40109	9
41749	188
15859	27
36003	132
10356	107
17850	63
4697	141
13307	226
19361	183
60266	21
7632	176
19038	159
117319	39
36521	223
5307	158
68049	145
11995	32
3948	56
61413	67
43491	9
54002	107
20228	247
38240	214
37943	242
11337	77
8535	43
7867	194
28184	14
11265	100
71	111
33020	102
85484	176
55965	185
107388	187
42253	114
3225	244
30860	5
3949	39
3647	158
22132	192
896	81
85118	142
1737	230
76575	91
24147	43
3806	68
6249	100
22294	238
39445	66
28566	239
24254	167
87807	167
27994	91
52534	121
3995	207
19150	196
10566	162
6373	19
20955	100
2414	166
66960	65
13239	227
74428	198
37167	126
47274	83
1755	25
84690	26
29256	118
42468	16
46879	79
62820	158
3544	15
30961	176
2541	126
17136	147
53307	26
82606	196
17181	207
2258	226
23003	17
3010	7
371	28
11177	120
40790	171
1681	120
111845	221
12198	193
44112	121
27242	62
81619	70
4719	101
35433	12
12433	199
11611	176
62870	191
101962	146
17580	14
72004	4
35830	95
31832	238
23288	11
38298	30
2289	118
2268	59
5673	139
8899	48
50189	226
51749	35
40711	154
1070	182
24578	128
30340	195
51610	233
32950	105
39332	206
19426	130
71710	226
45923	126
274	64
62160	207
19502	111
22729	21
94006	63
18857	26
7460	4
49689	137
2101	224
57453	252
61082	90
887	82
5137	129
789	67
25682	170
4986	157
6075	214
97668	127
71552	205
11458	18
104327	115
94531	246
12597	174
5555	23
43417	247
7850	26
2578	236
493	86
20712	105
5852	141
8390	131
37998	117
77178	185
43408	187
96625	188
15993	60
3816	50
92835	219
18060	42
14414	118
61558	157
66020	67
63042	243
15088	82
58951	191
7424	217
11568	219
11146	195
883	203
4158	206
10378	88
8379	242
13861	218
5102	254
555	141
14102	159
80153	16
71630	186
5960	93
59	44
1535	195
857	33
31425	152
1846	166
28605	216
110355	179
7561	70
739	58
83505	63
77217	31
27306	183
2435	90
6782	24
19156	150
35218	249
29330	28
828	60
40255	225
64563	40
21671	83
1780	148
26712	38
14363	176
9038	12
2572	243
86514	187
19876	155
34732	119
105769	188
56302	73
82424	3
51371	59
14576	25
1845	30
21768	61
26783	152
17849	146
8998	81
4221	171
4611	207
33514	180
52679	220
4768	158
2755	47
59707	224
19591	140
91601	45
48284	192
4039	233
9426	92
45645	93
32210	185
3737	89
68955	58
802	68
28046	252
48601	246
13425	40
3165	83
26527	66
11173	229
88989	145
23867	94
27586	126
37990	136
26844	185
37144	22
30068	244
15696	120
4964	157
2334	249
103	139
31778	140
5621	146
5648	23
6480	10
27914	120
83005	115
12510	78
5823	43
70251	25
17644	219
7409	76
46812	239
67269	236
35023	237
55384	208
63553	178
3293	174
38269	46
85458	79
710	140
407	194
8190	141
61583	38
58526	150
80904	130
15904	31
5613	222
19918	89
16691	35
1844	87
43981	233
43828	26
3164	42
63457	18
227	44
79092	195
3831	65
21182	30
45945	22
15855	133
37488	167
14	19
8546	76
15788	153
32524	101
31184	95
396	151
29109	129
146	167
32968	134
35914	98
28785	157
15894	98
30454	231
3660	203
657	50
1501	4
102354	197
17169	5
41588	250
29134	241
36775	88
47467	11
37462	189
32889	194
12209	172
10555	184
14830	94
38378	213
299	52
43713	158
63270	229
78716	156
17206	115
4026	144
6548	140
39206	61
144	159
1454	122
18970	21
47139	40
32055	219
35701	39
9512	88
16078	214
2557	157
17107	134
90003	249
34110	229
4664	66
22083	220
24268	213
5757	118
38329	134
66019	13
78322	216
21617	133
2393	10
2578	204
103792	82
53316	110
17190	232
56440	64
5640	90
88106	154
15554	216
6647	172
26276	77
856	110
24616	8
76491	85
1300	15
69135	170
27328	44
21117	11
53592	91
60592	29
540	221
24897	135
22372	111
31423	89
37603	114
9938	62
18388	113
29943	223
39818	208
68713	75
4671	181
92	137
93930	50
10172	52
24543	37
13382	119
35179	28
1938	227
5433	244
43943	9
61477	6
6764	238
15465	129
50300	224
82226	136
83013	166
21488	59
30825	139
71294	252
15645	216
24462	94
88542	162
5469	174
77235	106
3923	154
31094	220
49908	3
43684	114
54627	52
8581	144
2150	145
36757	189
79699	164
1902	132
55089	161
4676	137
3412	18
48041	245
5753	194
5830	222
5558	236
18590	179
24933	177
4567	33
54981	21
39209	25
91893	172
102687	171
70922	192
26384	56
11917	133
26494	56
3939	160
90688	154
48397	97
5037	57
46100	250
5251	172
27472	119
32951	157
277	45
7312	137
11179	157
961	129
13992	31
15141	54
69984	170
97938	223
4079	21
20327	180
1489	206
39201	73
19745	82
50236	119
21901	242
53417	87
22219	19
77972	88
20177	181
23991	144
13101	23
469	204
4211	176
50029	169
10142	253
79314	162
5525	232
26863	124
69567	130
14652	175
27440	87
23710	39
35846	139
81842	147
17086	170
51934	173
4228	233
30504	234
8152	71
6438	33
70391	142
910	21
119406	119
34413	38
65517	198
115082	174
2896	16
33531	164
39370	25
63652	233
719	26
13409	41
99101	220
18579	4
11742	10
34805	197
26235	181
12340	118
75363	164
57923	47
11221	194
16527	187
77259	215
5945	46
71903	60
28089	188
3143	226
76671	149
4494	122
1739	197
78093	217
43770	12
10329	11
54300	44
29724	14
2292	228
60571	22
73711	12
71409	26
14776	101
41652	118
370	15
60780	143
11782	244
15959	233
74031	67
66506	3
41580	169
8421	137
65943	131
65240	35
43852	21
38574	43
56073	210
44202	70
4009	47
12163	252
27938	123
16731	121
13028	101
3191	72
35137	214
19367	154
1979	67
9143	21
4386	190
25420	101
23626	225
2773	115
77953	103
40369	98
5304	114
25	165
14412	107
2540	64
2860	242
2719	135
42217	99
14291	218
6606	49
12491	53
82440	157
20244	109
69051	101
8107	13
84494	178
20724	245
613	68
8262	225
78016	73
17616	72
15759	228
508	198
8473	24
29921	30
7426	138
52341	23
10360	101
2276	68
62386	246
94653	161
1894	15
18364	139
38316	55
90259	132
29210	41
62372	109
2265	22
7461	243
45793	108
1207	240
4637	230
29710	35
24498	28
9566	202
51259	67
11692	21
13493	242
40990	26
89083	69
20143	247
7417	201
8359	99
22015	249
11606	173
1246	170
61662	11
77306	197
661	95
9202	174
61261	139
101508	121
46097	134
11682	175
19702	158
20345	221
5381	33
2278	96
51434	167
43085	222
20957	156
4054	117
15563	6
43848	130
41050	177
60414	85
41545	234
2926	138
50112	153
5236	18
4476	105
15002	105
7221	181
106973	192
6531	225
59247	218
34156	73
5424	140
23098	23
4031	173
9385	130
6063	199
19678	143
49054	135
69598	209
1517	4
66217	132
14318	161
89181	73
65600	126
456	57
29347	89
6537	169
47200	96
6546	132
77857	9
55463	96
55976	201
2320	205
58910	28
10426	137
96810	221
10068	20
15507	216
22540	51
1833	172
22996	110
21156	64
945	2
13242	12
59684	43
53372	201
25783	148
35347	149
4023	219
18280	230
57628	157
102897	8
26048	213
69591	167
23879	225
13967	193
15204	184
29392	92
20832	51
1804	92
45709	129
488	63
63006	116
8444	118
3968	161
11943	170
33237	106
54743	194
13586	201
32061	222
11742	61
4437	234
3399	113
20916	142
39402	108
55849	214
12381	65
17905	220
86553	153
45144	204
16627	214
2611	97
8244	73
20881	95
10852	229
95171	254
13513	159
67432	224
10541	184
30268	146
9080	88
26558	96
5746	69
104332	116
33506	42
95071	249
1988	62
27734	200
22671	226
34098	159
54404	45
6909	117
18387	2
19343	216
78874	34
15240	88
4198	139
10378	108
90918	175
74519	154
22684	180
85568	231
16504	97
17791	240
29891	8
8881	91
48946	217
61261	71
1281	199
53699	245
41742	222
52432	97
291	76
1457	39
23096	188
98354	25
2648	210
43691	203
26302	161
22934	141
18978	58
11786	231
87507	61
108822	142
25298	78
88102	243
34403	90
15172	203
50441	104
10893	212
15331	249
1424	10
7648	201
12976	77
2806	54
6419	173
10202	214
50613	104
31701	5
65724	10
38461	46
84510	73
23788	212
10862	253
27132	112
56147	50
331	50
51338	139
62271	165
4341	123
57901	138
16659	177
15702	83
27445	145
6366	25
1914	198
39402	55
27775	127
32044	118
49982	90
37526	135
46901	228
13545	91
47289	178
30027	232
5896	235
4000	138
5460	67
12149	43
8465	53
96289	40
7519	91
17220	199
81808	20
3566	46
84621	6
37850	142
4856	79
46439	85
45641	129
12141	120
42554	83
4972	42
13510	146
56877	229
33495	107
70941	150
591	247
107767	106
983	209
4514	155
3050	203
7139	159
59433	70
10128	111
71923	149
24971	163
65401	104
59140	6
58139	58
3280	86
34014	221
58299	192
35861	172
15978	205
19930	186
2114	155
32970	119
18488	43
43453	26
2612	43
55603	197
27616	35
2189	18
22605	115
3071	178
38319	44
95755	255
62902	61
59982	160
1644	231
20593	73
4870	14
16084	118
4218	20
42995	161
15526	60
17801	71
51523	22
57601	167
27737	30
12197	90
89203	107
12846	91
26940	90
3648	100
56908	253
34440	206
43916	255
15321	158
18106	44
6158	127
46245	24
51434	8
31725	221
18137	62
35217	32
20813	73
12618	234
2050	235
344	164
36142	218
41962	118
33503	208
113897	82
62748	128
11072	102
69833	99
30863	46
62431	161
18891	12
3430	89
7104	33
94803	194
65620	35
6577	151
23414	180
62700	255
378	172
33986	136
433	18
30793	170
3272	201
35628	208
84690	168
6300	79
101241	36
22102	230
4118	36
18817	34
34479	83
38081	118
38995	99
12456	220
1915	185
50287	231
16038	21
27401	31
6688	61
6863	25
539	108
8912	69
2396	41
108445	123
17539	233
851	5
4479	195
12299	232
26680	245
124529	148
1541	118
13277	184
41872	211
10174	79
17422	182
9543	84
9198	129
20959	14
14378	184
43393	217
26697	77
18054	159
1524	36
18039	60
25684	171
55850	145
3504	129
40418	201
29914	91
2096	99
2263	72
49139	139
92548	136
9564	84
80440	193
61137	218
26408	66
34792	13
9583	127
29930	209
676	30
53382	65
3181	109
33759	115
34941	219
5037	231
1315	174
5149	29
20587	252
72835	171
5020	54
5871	42
81130	9
2373	26
963	221
44435	158
32313	51
8474	248
18195	146
50947	104
651	25
14065	175
7994	80
39412	176
3040	239
81861	198
9306	244
5125	121
69911	19
58438	251
6589	14
68657	137
3058	160
55425	226
24096	161
28352	58
6022	108
57540	233
1011	80
37375	144
27315	13
22515	3
23330	153
29691	221
6345	205
93585	200
13192	99
2613	72
17665	34
14231	186
9615	32
64355	77
18583	66
4839	88
91928	253
66092	23
960	76
47532	255
28476	198
9129	94
75198	28
55	91
83209	88
3120	122
11643	87
17554	248
2983	233
117966	173
126	45
41672	43
10877	194
35470	137
12995	251
88228	85
2657	60
2179	249
28697	184
8829	27
651	65
9854	120
4165	133
69137	125
117005	51
31586	232
38623	210
47866	213
14419	245
4986	117
40869	83
234	47
12021	204
56838	207
19218	125
1573	15
167	109
65285	129
113662	47
11781	178
65803	232
7351	105
17339	113
86406	164
112085	226
19074	133
15922	14
82716	73
42060	173
33350	143
121484	201
656	155
21374	80
64644	166
18079	114
23800	14
49821	30
29759	48
285	202
15305	215
23799	157
50012	135
5138	184
19449	102
64550	228
38834	108
11577	184
2065	171
25115	200
3470	82
23850	71
39993	58
30078	201
6381	88
50316	20
42391	111
36042	53
61847	28
50748	166
8568	190
71459	82
61888	100
69520	42
5241	216
45793	36
7430	179
19395	80
1061	188
58441	167
24157	205
28591	168
9503	209
14308	255
34588	68
86368	163
59475	255
2876	123
25195	236
23728	112
52717	42
2518	24
86851	210
73481	170
172	225
57232	54
9321	223
3639	238
16640	227
73126	80
95869	38
79828	191
12418	101
80928	204
1195	34
18114	51
31570	165
20187	209
11837	219
24310	182
111224	149
36847	196
44154	185
3205	144
34314	129
35575	130
42169	185
41041	26
16725	96
17438	132
2182	9
42839	131
8890	241
43065	29
2124	155
10563	253
63681	62
73953	72
101497	98
24342	233
8806	5
3256	80
26236	94
6652	4
34131	247
40252	235
42658	66
27127	26
99373	34
22378	34
24597	30
85506	52
969	224
12602	106
7981	224
9071	64
10723	248
3633	46
11090	196
4326	149
18296	154
4063	52
75657	53
32542	90
12176	140
43920	121
5394	29
17307	149
71153	184
11078	150
48017	44
35653	106
42551	110
77617	57
39771	52
47358	129
9254	164
57899	222
23802	59
50918	172
24355	8
114215	13
31617	62
22379	79
4301	182
6017	202
24709	196
60538	186
74452	89
7390	173
100389	81
39068	179
63544	212
99243	9
2828	85
17317	147
68458	207
21055	210
18436	251
6594	254
17735	115
29766	71
104687	215
7871	244
492	222
26489	238
24566	20
1178	90
20514	248
11735	223
20785	135
14057	182
18947	158
26079	55
67896	118
9039	12
47973	56
3592	53
4978	167
3245	84
43194	230
23358	119
8965	49
3373	94
50406	152
65360	211
110086	12
4927	40
22679	222
7174	28
31205	25
86475	143
28284	185
6466	224
63914	12
19446	169
43638	174
13858	81
53443	137
90229	49
47740	145
4362	167
27523	177
62341	52
11768	60
57221	166
9175	249
30761	141
36138	138
6854	124
41685	61
54214	12
23497	111
2270	190
39878	157
9160	14
53849	214
22627	132
15166	140
46418	222
27257	51
49575	42
50573	169
111575	182
8271	48
20348	251
27424	158
50626	133
53714	43
13940	110
19225	72
118872	35
12786	5
62679	218
38031	82
10274	174
22126	176
1493	58
8726	188
52496	111
22087	104
12947	144
67235	172
31847	69
82169	183
50670	24
5451	129
516	106
47318	119
17155	68
3869	92
27442	155
1328	227
18380	18
39643	46
50748	187
16494	226
23259	126
11533	39
28179	209
59373	26
9066	173
69806	72
115993	91
82326	154
47153	31
7689	161
89219	250
37090	90
4499	213
65513	54
47284	22
7061	112
46074	70
23760	233
4171	151
58150	115
13342	44
836	234
23902	41
12479	197
63648	148
59059	187
9288	65
221	99
7515	162
56363	196
84123	152
8635	34
17929	175
52535	240
8273	64
26030	153
1846	221
3311	232
42940	198
2002	92
26816	124
19648	24
385	198
25338	170
22910	194
22461	123
72443	164
65552	34
14354	92
16210	68
399	70
57101	169
16405	21
19391	153
31332	202
11209	5
20391	104
3044	94
2832	167
11008	167
2512	88
16652	66
79428	228
1014	214
20521	16
6430	122
34945	154
4095	24
6251	248
6595	71
86768	81
16761	160
8840	62
88470	42
8551	225
1316	43
2301	53
44901	42
77222	139
1497	154
49816	92
50622	182
79004	54
3422	63
68217	174
79573	233
90144	163
24199	245
1445	71
12594	84
46313	143
299	225
10916	168
14524	151
13700	249
2445	216
13839	193
76760	118
24648	144
10846	207
45626	99
4570	99
5080	81
34891	96
31119	251
38338	19
5591	4
5292	35
8424	247
61243	253
115321	102
22758	39
40538	240
47710	2
30122	58
68351	229
17435	252
2604	38
27894	160
13596	48
24770	249
4432	171
7433	184
19050	135
29462	116
33384	198
12584	41
77777	48
19605	154
75134	123
90814	156
22572	154
71568	169
10639	98
12519	250
44085	8
86572	31
6272	114
49553	137
47349	40
71472	186
7726	139
47206	126
2668	59
13608	208
3436	187
37381	22
81847	76
109357	170
7605	237
40239	66
4349	184
27198	194
49146	205
7200	199
24834	97
18751	199
32983	69
17959	82
55439	210
1804	115
74496	143
38951	208
24552	4
67011	223
6750	193
30146	6
8152	149
11242	21
15213	24
9587	24
90406	131
35908	183
534	105
845	102
30886	78
8971	87
19374	231
573	203
34313	191
8360	3
23324	74
12529	208
4112	225
85002	162
53489	96
6853	35
3664	75
91540	101
25931	240
15204	235
40682	217
53454	66
1207	161
13830	32
19836	119
480	215
40647	154
25290	254
8284	140
10459	66
19675	60
6027	216
29716	38
14873	65
13079	110
86331	54
29858	3
8634	29
84295	16
33254	203
5616	187
6714	20
36165	187
28600	149
3629	216
10811	21
47611	253
8191	91
463	63
38455	182
25952	215
39443	191
31074	120
6041	183
29765	134
101657	220
67339	197
26060	154
83649	139
71205	197
18164	9
4175	51
30892	77
45094	98
3555	66
57709	117
64996	156
41779	187
1113	248
4050	182
10422	234
1520	80
38104	52
37884	249
121139	188
27800	3
103169	24
38095	68
858	176
30040	203
13153	78
9130	54
16308	183
41102	174
107673	31
2575	5
48622	189
66589	84
10382	228
25241	171
5058	144
3428	146
13720	7
50259	208
44765	28
935	43
939	111
30297	80
9366	184
93042	250
1089	213
15202	130
113126	101
4207	195
14027	47
9754	61
45727	59
41305	93
115	228
7138	195
786	218
42241	240
2898	223
13698	223
62848	107
60218	65
3168	53
62704	252
41039	57
31200	66
10471	31
61400	131
60386	242
72107	148
6030	157
10555	186
54729	142
5401	173
14997	246
8306	69
13443	241
58687	200
43698	99
11226	146
992	187
23211	53
36617	220
14125	73
6303	145
24238	40
15194	214
27787	63
32287	119
74365	80
10660	138
9843	154
92812	197
46635	234
4397	123
14655	142
571	83
51790	188
7976	214
12659	89
1548	185
35042	219
22208	167
9431	154
10796	92
54932	93
39314	182
29230	57
88001	177
18918	154
6868	126
79447	234
14614	34
29022	59
16486	71
7494	139
25889	125
11856	195
2255	51
26258	31
14612	107
71824	76
84897	192
154	101
36768	223
68415	195
4117	218
1087	156
24315	97
12973	111
2503	161
6330	87
51707	174
21343	74
55821	242
64536	112
6110	93
15334	255
41224	196
70681	190
55751	173
7137	180
1104	49
5083	144
3793	14
11449	118
46773	99
36177	253
1775	171
6993	249
74561	45
49937	53
9794	113
74915	142
37195	168
16451	131
84889	151
79236	56
86836	69
53382	94
16814	82
1077	27
43586	170
83530	67
36341	69
23701	217
43941	56
92251	12
46209	101
27942	91
27975	180
41593	55
68789	28
26336	160
59235	109
282	234
39086	186
53426	83
10747	236
35104	117
5912	135
9143	246
103482	150
103368	23
25737	253
4063	69
41658	42
105361	190
14779	148
55286	41
30526	132
4683	129
85508	168
17505	208
13306	117
49105	157
19746	83
24215	79
13758	44
88639	41
17730	57
54803	157
12399	76
47414	96
69817	212
52530	175
16028	165
82724	35
912	117
619	199
20125	92
76836	108
32761	231
9137	53
58972	227
1847	153
1239	212
27708	151
16603	232
66037	172
20626	53
1330	97
20547	196
75998	192
8180	189
4089	255
70134	190
12988	152
24152	140
13451	254
39808	162
4987	23
71962	190
52397	103
12053	102
104365	153
49	89
4992	120
19227	95
86793	164
4887	125
72203	105
65606	246
3574	185
9600	62
20211	178
83642	84
4283	82
10925	233
1601	164
18	191
30599	7
588	13
13191	91
43604	141
5527	15
47261	33
32841	104
73876	89
7136	46
15939	250
28054	202
98174	38
12971	132
9760	153
70353	54
15199	11
9840	60
13880	171
28611	180
18467	214
92020	4
35751	249
32359	4
29521	104
1411	64
12938	206
7408	34
33233	150
21439	174
15457	122
80479	220
7994	132
5451	22
4364	151
44143	99
38285	29
87	10
8481	148
74301	17
50709	106
23136	68
34815	184
3164	67
2070	17
102334	166
59043	76
28292	238
26677	255
43169	152
59010	12
4666	23
53400	79
25431	182
69164	140
20874	249
24823	116
9976	134
56705	170
79848	119
2760	85
54968	23
32431	141
15957	102
39806	199
86605	132
55142	127
3754	246
18975	152
75503	171
30107	158
6076	68
11564	115
9719	251
16079	4
347	12
3954	168
2819	51
7571	234
29553	22
20670	121
55978	241
3618	85
31704	182
63679	159
3233	208
32771	30
1274	20
58524	56
27408	85
9275	139
22032	13
35076	102
38466	33
20326	184
8702	150
99048	8
58999	223
321	53
27000	88
3174	2
5059	71
27834	162
84244	167
20863	30
4571	225
12983	179
57415	170
2757	85
36934	29
19720	251
17357	91
6554	205
61125	190
31597	43
17378	40
13347	211
61847	164
3918	191
32225	121
10132	100
2043	29
4002	255
41385	86
2370	7
35223	121
851	169
5346	183
45094	117
91723	64
9799	232
43918	6
10882	215
49966	40
95174	186
35164	156
5711	92
80975	112
9754	29
605	56
52430	173
59391	143
38582	228
14360	91
1828	40
5147	210
8530	194
7654	145
61939	212
13440	88
5014	152
93059	208
28329	126
24038	39
76944	116
23705	155
10124	75
9352	110
14043	226
4755	164
68829	180
28845	179
88614	210
27679	120
58676	19
19346	39
27094	143
8309	94
16235	203
20036	59
18407	58
77961	188
6935	53
9570	4
51972	138
12967	44
72529	252
55476	80
42247	22
10522	38
46096	117
9116	142
8646	34
27226	247
35231	201
27536	122
65771	33
24408	87
74684	176
18069	86
49136	62
12061	51
23903	67
36363	95
18782	9
9898	183
30396	104
4257	5
61876	155
20218	140
23012	73
49574	36
30315	94
30082	212
69094	22
51239	244
61	144
61456	111
108129	249
574	166
7727	242
32735	196
16774	181
74478	221
68680	240
35164	5
73127	44
25431	29
1771	139
23254	112
25789	207
6512	16
35254	140
11417	207
8180	129
72610	225
39979	180
14472	72
4199	253
10078	212
27599	237
13413	103
27717	46
9053	163
27473	127
2527	155
4185	94
20834	184
44194	27
65946	163
3616	10
6779	202
23672	181
44627	127
35231	227
1195	20
70980	219
30321	87
34630	39
15936	40
8503	204
24674	251
37200	70
32903	50
4537	34
32363	76
27013	147
55477	255
5561	92
17458	17
7223	53
21572	56
11918	183
61011	151
8455	228
2482	82
55646	73
92600	53
113346	130
28839	132
35048	71
21600	62
48360	4
16344	102
11885	123
39522	212
10649	173
30345	153
35833	6
50155	240
537	76
2026	129
99340	165
939	88
19627	165
63677	94
3935	184
29732	57
30431	188
14351	9
16260	95
55775	81
56750	135
1705	240
45618	11
30503	150
40010	136
11352	148
3462	24
78688	102
24544	65
6966	180
16139	136
14153	12
32624	135
400	159
88208	20
78514	82
70091	17
7467	28
9271	165
805	30
50157	218
2642	210
77405	117
72721	9
4598	209
8608	16
2043	130
19440	23
6244	72
44195	82
32060	11
14101	122
6202	236
21570	3
7025	253
17065	26
96055	207
26453	58
84082	197
17390	157
1254	109
2186	146
44639	98
15978	232
11711	66
3982	51
37194	60
33980	237
512	21
25145	39
16607	199
75623	227
73811	100
21178	217
4794	43
2302	89
89549	84
7936	91
14	217
99062	246
5077	48
54836	158
211	73
13410	222
10369	166
77343	203
20038	131
7352	145
18464	134
62936	179
9376	71
19466	94
32351	213
11017	121
1649	155
13510	125
14195	130
9342	89
57314	121
3772	209
20419	28
51338	32
30828	93
27993	97
4084	207
16744	129
79118	105
5809	118
8400	151
40206	164
4766	71
62983	143
31584	130
50159	70
10401	165
2338	65
99033	185
12157	27
1371	82
22157	159
30883	3
45644	251
116121	147
89289	138
9986	250
106260	227
22026	14
15019	84
1625	244
95954	152
29831	236
17816	170
18826	105
90754	252
5763	105
8897	253
38	227
89977	221
42524	185
72839	28
12374	202
40252	93
36311	25
84786	24
77745	212
11713	9
30831	158
36097	217
5954	176
2559	186
29596	237
24939	40
76107	200
4269	34
65958	137
6641	84
13161	74
100075	55
13628	49
18333	46
43095	173
34396	68
40857	17
6454	35
8662	242
46253	103
35455	70
89787	198
26	26
2980	128
44296	128
4485	184
45865	48
16832	217
104828	188
2487	99
51952	93
5159	97
14784	123
49904	79
60731	170
606	47
8080	141
63032	128
24628	158
8997	3
57199	121
1910	12
6699	91
28294	53
111582	202
25720	54
5861	171
99052	41
3909	169
3380	166
636	196
31123	35
8481	26
42188	161
6777	206
39409	174
728	2
7762	241
8110	79
12666	170
87946	65
8653	110
18000	154
27029	211
21427	244
1753	51
47225	162
67044	69
54230	52
22779	131
100296	106
13494	236
8317	173
25760	107
10027	170
28080	26
513	99
7351	45
42659	112
54973	35
5228	98
26812	47
52931	109
57674	62
55800	57
16402	255
25226	161
6794	192
22174	156
16052	96
57510	250
62056	13
5150	78
9004	50
2405	162
1683	56
46767	241
94755	29
24991	25
54691	3
11149	251
162	68
16975	98
74368	152
62731	129
53606	85
86181	40
48815	232
29880	92
22102	28
20330	47
19668	247
28581	216
2778	135
85365	127
25515	163
16153	52
5387	159
65284	248
4105	22
60117	112
27430	101
82950	14
3004	175
37857	159
22566	149
10458	82
7455	69
11702	101
6898	96
41414	124
52909	205
48561	129
72668	232
480	186
5142	136
23405	244
84800	28
4676	121
14693	142
61731	192
34800	77
57096	140
26045	168
28589	123
10459	40
8477	219
8326	6
57208	241
67137	128
5940	97
1423	114
4996	197
17924	147
1655	115
685	143
15062	116
31205	112
21570	181
36874	51
6425	51
88635	9
109450	242
61083	27
85386	210
4411	208
111951	195
9318	51
16544	233
62582	116
55714	109
68397	233
34826	84
54343	81
15882	94
8137	187
43803	134
15425	161
56943	77
66244	91
86954	208
105220	58
11485	228
63339	133
9127	174
13361	73
14723	171
35134	100
30069	234
71483	18
71260	31
648	13
12667	221
3619	23
31911	228
22664	32
19311	19
85571	128
85400	177
44194	13
1803	145
22459	125
69793	204
34135	240
13165	189
61021	200
10386	95
412	208
10038	207
3552	208
27749	206
7109	174
5453	70
46455	31
59981	114
32023	52
3781	165
31527	124
32533	68
3476	94
90418	159
33419	226
4050	160
7528	66
46956	54
5126	22
39607	32
92374	59
34129	100
307	100
17920	162
17501	102
5262	203
62229	159
91611	122
1577	121
836	179
22315	160
5819	139
24636	213
89106	37
52950	193
35293	181
25868	233
60891	145
38691	6
551	217
59929	232
13052	81
64678	5
43521	27
46929	137
17747	42
52258	218
43220	198
19450	144
47306	236
36901	124
21653	215
37188	158
9398	32
86705	146
33811	225
13311	98
1042	150
13962	99
48929	84
12085	160
7670	247
7850	137
36576	28
15522	209
48432	111
8490	191
399	139
61899	163
109595	169
4957	180
67376	2
24824	233
22852	167
11941	2
32730	143
5328	115
9925	62
19410	24
49341	10
27394	50
30744	110
49680	201
881	151
27795	36
14039	107
44297	172
3851	66
2262	244
53520	226
7553	184
2081	42
43433	186
9317	74
13937	94
72222	191
13544	184
235	18
23999	102
84939	68
7009	171
56736	63
1815	255
51224	232
33049	193
8663	64
27022	92
2801	232
37549	121
24585	224
18535	210
7243	203
3668	146
12185	120
85847	32
24281	168
57727	96
34872	8
22662	169
919	96
46342	251
50824	73
747	63
29000	128
15836	5
55438	134
48211	222
7555	96
123148	101
95412	80
29264	240
58459	105
15266	147
4967	69
25052	189
27608	228
44112	123
52681	135
2191	35
73700	167
1600	107
116886	249
36079	48
42854	221
72382	158
46585	249
31861	196
7820	234
89263	112
37187	129
35716	50
16674	219
50190	239
1360	97
68531	113
39943	254
34825	20
86240	67
54377	141
1572	23
41892	13
24750	144
55863	161
91913	116
99114	137
21377	163
71744	163
6571	241
39090	114
87764	29
44597	49
11679	220
17608	58
55240	174
23595	210
11329	218
9617	180
28836	246
9047	209
89861	48
24513	131
88928	236
4631	248
7723	136
14171	90
1551	54
3965	174
788	229
23897	7
32573	135
42204	162
2250	86
39886	220
2964	64
46436	78
6567	177
51828	160
720	177
